s (1,1) 45
s (2,1) 133
s (3,1) 90
s (4,1) 132
s (5,1) 32
s (6,1) 126
s (7,1) 127
s (8,1) 110
s (9,1) 52
s (10,1) 120
s (11,1) 136
s (12,1) 62
s (13,1) 109
s (14,1) 56
s (15,1) 142
s (16,1) 88
s (17,1) 84
s (18,1) 121
s (19,1) 42
s (20,1) 136
(1,1) (1,2) 104
(2,1) (2,2) 72
(3,1) (3,2) 26
(4,1) (4,2) 110
(5,1) (5,2) 117
(6,1) (6,2) 60
(7,1) (7,2) 15
(8,1) (8,2) 6
(9,1) (9,2) 126
(10,1) (10,2) 60
(11,1) (11,2) 17
(12,1) (12,2) 145
(13,1) (13,2) 43
(14,1) (14,2) 100
(15,1) (15,2) 102
(16,1) (16,2) 61
(17,1) (17,2) 65
(18,1) (18,2) 139
(19,1) (19,2) 111
(20,1) (20,2) 92
(1,2) (1,3) 46
(2,2) (2,3) 65
(3,2) (3,3) 23
(4,2) (4,3) 134
(5,2) (5,3) 138
(6,2) (6,3) 6
(7,2) (7,3) 37
(8,2) (8,3) 108
(9,2) (9,3) 39
(10,2) (10,3) 5
(11,2) (11,3) 13
(12,2) (12,3) 30
(13,2) (13,3) 7
(14,2) (14,3) 73
(15,2) (15,3) 44
(16,2) (16,3) 89
(17,2) (17,3) 96
(18,2) (18,3) 110
(19,2) (19,3) 102
(20,2) (20,3) 26
(1,3) (1,4) 123
(2,3) (2,4) 14
(3,3) (3,4) 30
(4,3) (4,4) 12
(5,3) (5,4) 148
(6,3) (6,4) 38
(7,3) (7,4) 102
(8,3) (8,4) 21
(9,3) (9,4) 50
(10,3) (10,4) 44
(11,3) (11,4) 60
(12,3) (12,4) 91
(13,3) (13,4) 26
(14,3) (14,4) 122
(15,3) (15,4) 65
(16,3) (16,4) 100
(17,3) (17,4) 102
(18,3) (18,4) 23
(19,3) (19,4) 107
(20,3) (20,4) 76
(1,4) (1,5) 149
(2,4) (2,5) 25
(3,4) (3,5) 78
(4,4) (4,5) 56
(5,4) (5,5) 42
(6,4) (6,5) 18
(7,4) (7,5) 47
(8,4) (8,5) 29
(9,4) (9,5) 26
(10,4) (10,5) 149
(11,4) (11,5) 132
(12,4) (12,5) 35
(13,4) (13,5) 98
(14,4) (14,5) 19
(15,4) (15,5) 131
(16,4) (16,5) 52
(17,4) (17,5) 109
(18,4) (18,5) 45
(19,4) (19,5) 123
(20,4) (20,5) 103
(1,5) (1,6) 20
(2,5) (2,6) 106
(3,5) (3,6) 12
(4,5) (4,6) 87
(5,5) (5,6) 128
(6,5) (6,6) 32
(7,5) (7,6) 26
(8,5) (8,6) 27
(9,5) (9,6) 82
(10,5) (10,6) 25
(11,5) (11,6) 47
(12,5) (12,6) 38
(13,5) (13,6) 54
(14,5) (14,6) 5
(15,5) (15,6) 83
(16,5) (16,6) 103
(17,5) (17,6) 123
(18,5) (18,6) 32
(19,5) (19,6) 125
(20,5) (20,6) 113
(1,6) (1,7) 102
(2,6) (2,7) 71
(3,6) (3,7) 107
(4,6) (4,7) 121
(5,6) (5,7) 69
(6,6) (6,7) 100
(7,6) (7,7) 68
(8,6) (8,7) 55
(9,6) (9,7) 10
(10,6) (10,7) 36
(11,6) (11,7) 105
(12,6) (12,7) 141
(13,6) (13,7) 45
(14,6) (14,7) 107
(15,6) (15,7) 117
(16,6) (16,7) 63
(17,6) (17,7) 118
(18,6) (18,7) 113
(19,6) (19,7) 71
(20,6) (20,7) 56
(1,7) (1,8) 100
(2,7) (2,8) 119
(3,7) (3,8) 148
(4,7) (4,8) 106
(5,7) (5,8) 70
(6,7) (6,8) 108
(7,7) (7,8) 77
(8,7) (8,8) 48
(9,7) (9,8) 36
(10,7) (10,8) 135
(11,7) (11,8) 58
(12,7) (12,8) 94
(13,7) (13,8) 59
(14,7) (14,8) 77
(15,7) (15,8) 133
(16,7) (16,8) 33
(17,7) (17,8) 33
(18,7) (18,8) 18
(19,7) (19,8) 30
(20,7) (20,8) 12
(1,8) (1,9) 23
(2,8) (2,9) 107
(3,8) (3,9) 134
(4,8) (4,9) 96
(5,8) (5,9) 38
(6,8) (6,9) 99
(7,8) (7,9) 79
(8,8) (8,9) 2
(9,8) (9,9) 105
(10,8) (10,9) 38
(11,8) (11,9) 36
(12,8) (12,9) 16
(13,8) (13,9) 143
(14,8) (14,9) 132
(15,8) (15,9) 20
(16,8) (16,9) 63
(17,8) (17,9) 76
(18,8) (18,9) 109
(19,8) (19,9) 44
(20,8) (20,9) 41
(1,9) (1,10) 63
(2,9) (2,10) 73
(3,9) (3,10) 68
(4,9) (4,10) 80
(5,9) (5,10) 75
(6,9) (6,10) 115
(7,9) (7,10) 124
(8,9) (8,10) 86
(9,9) (9,10) 23
(10,9) (10,10) 19
(11,9) (11,10) 115
(12,9) (12,10) 17
(13,9) (13,10) 69
(14,9) (14,10) 135
(15,9) (15,10) 80
(16,9) (16,10) 136
(17,9) (17,10) 18
(18,9) (18,10) 81
(19,9) (19,10) 52
(20,9) (20,10) 56
(1,10) (1,11) 67
(2,10) (2,11) 64
(3,10) (3,11) 17
(4,10) (4,11) 7
(5,10) (5,11) 13
(6,10) (6,11) 21
(7,10) (7,11) 92
(8,10) (8,11) 104
(9,10) (9,11) 92
(10,10) (10,11) 126
(11,10) (11,11) 72
(12,10) (12,11) 116
(13,10) (13,11) 34
(14,10) (14,11) 35
(15,10) (15,11) 47
(16,10) (16,11) 69
(17,10) (17,11) 108
(18,10) (18,11) 42
(19,10) (19,11) 65
(20,10) (20,11) 130
(1,11) (1,12) 106
(2,11) (2,12) 150
(3,11) (3,12) 58
(4,11) (4,12) 52
(5,11) (5,12) 108
(6,11) (6,12) 145
(7,11) (7,12) 141
(8,11) (8,12) 40
(9,11) (9,12) 42
(10,11) (10,12) 38
(11,11) (11,12) 80
(12,11) (12,12) 39
(13,11) (13,12) 58
(14,11) (14,12) 73
(15,11) (15,12) 27
(16,11) (16,12) 37
(17,11) (17,12) 117
(18,11) (18,12) 53
(19,11) (19,12) 128
(20,11) (20,12) 35
(1,12) (1,13) 102
(2,12) (2,13) 62
(3,12) (3,13) 26
(4,12) (4,13) 106
(5,12) (5,13) 15
(6,12) (6,13) 101
(7,12) (7,13) 84
(8,12) (8,13) 135
(9,12) (9,13) 62
(10,12) (10,13) 54
(11,12) (11,13) 126
(12,12) (12,13) 66
(13,12) (13,13) 93
(14,12) (14,13) 32
(15,12) (15,13) 70
(16,12) (16,13) 38
(17,12) (17,13) 92
(18,12) (18,13) 41
(19,12) (19,13) 54
(20,12) (20,13) 37
(1,13) (1,14) 45
(2,13) (2,14) 126
(3,13) (3,14) 96
(4,13) (4,14) 14
(5,13) (5,14) 149
(6,13) (6,14) 100
(7,13) (7,14) 65
(8,13) (8,14) 16
(9,13) (9,14) 74
(10,13) (10,14) 30
(11,13) (11,14) 108
(12,13) (12,14) 126
(13,13) (13,14) 40
(14,13) (14,14) 6
(15,13) (15,14) 9
(16,13) (16,14) 90
(17,13) (17,14) 126
(18,13) (18,14) 124
(19,13) (19,14) 125
(20,13) (20,14) 5
(1,14) (1,15) 66
(2,14) (2,15) 12
(3,14) (3,15) 134
(4,14) (4,15) 24
(5,14) (5,15) 108
(6,14) (6,15) 64
(7,14) (7,15) 20
(8,14) (8,15) 126
(9,14) (9,15) 106
(10,14) (10,15) 111
(11,14) (11,15) 119
(12,14) (12,15) 55
(13,14) (13,15) 93
(14,14) (14,15) 59
(15,14) (15,15) 114
(16,14) (16,15) 8
(17,14) (17,15) 138
(18,14) (18,15) 21
(19,14) (19,15) 11
(20,14) (20,15) 67
(1,1) (2,1) 28
(2,1) (1,1) 72
(2,1) (3,1) 2
(3,1) (2,1) 87
(3,1) (4,1) 128
(4,1) (3,1) 86
(4,1) (5,1) 93
(5,1) (4,1) 35
(5,1) (6,1) 1
(6,1) (5,1) 67
(6,1) (7,1) 22
(7,1) (6,1) 30
(7,1) (8,1) 70
(8,1) (7,1) 113
(8,1) (9,1) 9
(9,1) (8,1) 102
(9,1) (10,1) 56
(10,1) (9,1) 128
(10,1) (11,1) 15
(11,1) (10,1) 90
(11,1) (12,1) 102
(12,1) (11,1) 109
(12,1) (13,1) 27
(13,1) (12,1) 25
(13,1) (14,1) 37
(14,1) (13,1) 86
(14,1) (15,1) 128
(15,1) (14,1) 107
(15,1) (16,1) 93
(16,1) (15,1) 92
(16,1) (17,1) 77
(17,1) (16,1) 35
(17,1) (18,1) 96
(18,1) (17,1) 62
(18,1) (19,1) 58
(19,1) (18,1) 51
(19,1) (20,1) 39
(20,1) (19,1) 134
(1,2) (2,2) 6
(2,2) (1,2) 75
(2,2) (3,2) 8
(3,2) (2,2) 3
(3,2) (4,2) 115
(4,2) (3,2) 88
(4,2) (5,2) 94
(5,2) (4,2) 37
(5,2) (6,2) 25
(6,2) (5,2) 80
(6,2) (7,2) 150
(7,2) (6,2) 36
(7,2) (8,2) 49
(8,2) (7,2) 22
(8,2) (9,2) 90
(9,2) (8,2) 97
(9,2) (10,2) 149
(10,2) (9,2) 33
(10,2) (11,2) 6
(11,2) (10,2) 20
(11,2) (12,2) 103
(12,2) (11,2) 25
(12,2) (13,2) 27
(13,2) (12,2) 91
(13,2) (14,2) 26
(14,2) (13,2) 23
(14,2) (15,2) 21
(15,2) (14,2) 134
(15,2) (16,2) 53
(16,2) (15,2) 77
(16,2) (17,2) 46
(17,2) (16,2) 58
(17,2) (18,2) 26
(18,2) (17,2) 94
(18,2) (19,2) 142
(19,2) (18,2) 107
(19,2) (20,2) 70
(20,2) (19,2) 61
(1,3) (2,3) 63
(2,3) (1,3) 149
(2,3) (3,3) 11
(3,3) (2,3) 40
(3,3) (4,3) 144
(4,3) (3,3) 111
(4,3) (5,3) 101
(5,3) (4,3) 127
(5,3) (6,3) 114
(6,3) (5,3) 7
(6,3) (7,3) 135
(7,3) (6,3) 133
(7,3) (8,3) 130
(8,3) (7,3) 28
(8,3) (9,3) 38
(9,3) (8,3) 120
(9,3) (10,3) 128
(10,3) (9,3) 2
(10,3) (11,3) 120
(11,3) (10,3) 64
(11,3) (12,3) 48
(12,3) (11,3) 68
(12,3) (13,3) 43
(13,3) (12,3) 51
(13,3) (14,3) 49
(14,3) (13,3) 130
(14,3) (15,3) 112
(15,3) (14,3) 73
(15,3) (16,3) 102
(16,3) (15,3) 150
(16,3) (17,3) 78
(17,3) (16,3) 12
(17,3) (18,3) 35
(18,3) (17,3) 26
(18,3) (19,3) 73
(19,3) (18,3) 150
(19,3) (20,3) 23
(20,3) (19,3) 68
(1,4) (2,4) 65
(2,4) (1,4) 67
(2,4) (3,4) 33
(3,4) (2,4) 145
(3,4) (4,4) 136
(4,4) (3,4) 56
(4,4) (5,4) 1
(5,4) (4,4) 148
(5,4) (6,4) 147
(6,4) (5,4) 131
(6,4) (7,4) 102
(7,4) (6,4) 23
(7,4) (8,4) 11
(8,4) (7,4) 134
(8,4) (9,4) 27
(9,4) (8,4) 61
(9,4) (10,4) 72
(10,4) (9,4) 115
(10,4) (11,4) 98
(11,4) (10,4) 111
(11,4) (12,4) 79
(12,4) (11,4) 111
(12,4) (13,4) 84
(13,4) (12,4) 5
(13,4) (14,4) 27
(14,4) (13,4) 5
(14,4) (15,4) 18
(15,4) (14,4) 132
(15,4) (16,4) 100
(16,4) (15,4) 53
(16,4) (17,4) 42
(17,4) (16,4) 138
(17,4) (18,4) 21
(18,4) (17,4) 56
(18,4) (19,4) 40
(19,4) (18,4) 27
(19,4) (20,4) 111
(20,4) (19,4) 81
(1,5) (2,5) 16
(2,5) (1,5) 115
(2,5) (3,5) 23
(3,5) (2,5) 99
(3,5) (4,5) 111
(4,5) (3,5) 44
(4,5) (5,5) 136
(5,5) (4,5) 135
(5,5) (6,5) 55
(6,5) (5,5) 5
(6,5) (7,5) 138
(7,5) (6,5) 4
(7,5) (8,5) 41
(8,5) (7,5) 58
(8,5) (9,5) 91
(9,5) (8,5) 106
(9,5) (10,5) 1
(10,5) (9,5) 59
(10,5) (11,5) 27
(11,5) (10,5) 78
(11,5) (12,5) 15
(12,5) (11,5) 35
(12,5) (13,5) 98
(13,5) (12,5) 11
(13,5) (14,5) 33
(14,5) (13,5) 30
(14,5) (15,5) 71
(15,5) (14,5) 105
(15,5) (16,5) 38
(16,5) (15,5) 131
(16,5) (17,5) 71
(17,5) (16,5) 40
(17,5) (18,5) 29
(18,5) (17,5) 47
(18,5) (19,5) 86
(19,5) (18,5) 14
(19,5) (20,5) 62
(20,5) (19,5) 59
(1,6) (2,6) 79
(2,6) (1,6) 133
(2,6) (3,6) 129
(3,6) (2,6) 135
(3,6) (4,6) 71
(4,6) (3,6) 87
(4,6) (5,6) 106
(5,6) (4,6) 29
(5,6) (6,6) 132
(6,6) (5,6) 56
(6,6) (7,6) 133
(7,6) (6,6) 99
(7,6) (8,6) 48
(8,6) (7,6) 85
(8,6) (9,6) 138
(9,6) (8,6) 45
(9,6) (10,6) 100
(10,6) (9,6) 81
(10,6) (11,6) 149
(11,6) (10,6) 135
(11,6) (12,6) 3
(12,6) (11,6) 19
(12,6) (13,6) 1
(13,6) (12,6) 78
(13,6) (14,6) 111
(14,6) (13,6) 12
(14,6) (15,6) 12
(15,6) (14,6) 62
(15,6) (16,6) 81
(16,6) (15,6) 8
(16,6) (17,6) 105
(17,6) (16,6) 8
(17,6) (18,6) 141
(18,6) (17,6) 5
(18,6) (19,6) 129
(19,6) (18,6) 66
(19,6) (20,6) 8
(20,6) (19,6) 38
(1,7) (2,7) 72
(2,7) (1,7) 135
(2,7) (3,7) 126
(3,7) (2,7) 69
(3,7) (4,7) 91
(4,7) (3,7) 88
(4,7) (5,7) 134
(5,7) (4,7) 118
(5,7) (6,7) 29
(6,7) (5,7) 70
(6,7) (7,7) 11
(7,7) (6,7) 6
(7,7) (8,7) 89
(8,7) (7,7) 130
(8,7) (9,7) 100
(9,7) (8,7) 90
(9,7) (10,7) 90
(10,7) (9,7) 58
(10,7) (11,7) 76
(11,7) (10,7) 24
(11,7) (12,7) 115
(12,7) (11,7) 145
(12,7) (13,7) 140
(13,7) (12,7) 10
(13,7) (14,7) 74
(14,7) (13,7) 27
(14,7) (15,7) 62
(15,7) (14,7) 150
(15,7) (16,7) 144
(16,7) (15,7) 91
(16,7) (17,7) 145
(17,7) (16,7) 47
(17,7) (18,7) 114
(18,7) (17,7) 25
(18,7) (19,7) 122
(19,7) (18,7) 145
(19,7) (20,7) 16
(20,7) (19,7) 85
(1,8) (2,8) 71
(2,8) (1,8) 81
(2,8) (3,8) 95
(3,8) (2,8) 35
(3,8) (4,8) 75
(4,8) (3,8) 84
(4,8) (5,8) 103
(5,8) (4,8) 15
(5,8) (6,8) 58
(6,8) (5,8) 44
(6,8) (7,8) 108
(7,8) (6,8) 74
(7,8) (8,8) 105
(8,8) (7,8) 48
(8,8) (9,8) 14
(9,8) (8,8) 84
(9,8) (10,8) 28
(10,8) (9,8) 52
(10,8) (11,8) 94
(11,8) (10,8) 48
(11,8) (12,8) 57
(12,8) (11,8) 5
(12,8) (13,8) 1
(13,8) (12,8) 140
(13,8) (14,8) 118
(14,8) (13,8) 122
(14,8) (15,8) 91
(15,8) (14,8) 53
(15,8) (16,8) 105
(16,8) (15,8) 124
(16,8) (17,8) 139
(17,8) (16,8) 127
(17,8) (18,8) 68
(18,8) (17,8) 8
(18,8) (19,8) 66
(19,8) (18,8) 103
(19,8) (20,8) 129
(20,8) (19,8) 150
(1,9) (2,9) 114
(2,9) (1,9) 142
(2,9) (3,9) 77
(3,9) (2,9) 32
(3,9) (4,9) 59
(4,9) (3,9) 100
(4,9) (5,9) 128
(5,9) (4,9) 125
(5,9) (6,9) 1
(6,9) (5,9) 125
(6,9) (7,9) 150
(7,9) (6,9) 40
(7,9) (8,9) 21
(8,9) (7,9) 67
(8,9) (9,9) 113
(9,9) (8,9) 72
(9,9) (10,9) 120
(10,9) (9,9) 75
(10,9) (11,9) 65
(11,9) (10,9) 120
(11,9) (12,9) 69
(12,9) (11,9) 72
(12,9) (13,9) 123
(13,9) (12,9) 45
(13,9) (14,9) 38
(14,9) (13,9) 35
(14,9) (15,9) 49
(15,9) (14,9) 12
(15,9) (16,9) 10
(16,9) (15,9) 86
(16,9) (17,9) 24
(17,9) (16,9) 47
(17,9) (18,9) 105
(18,9) (17,9) 58
(18,9) (19,9) 65
(19,9) (18,9) 90
(19,9) (20,9) 47
(20,9) (19,9) 61
(1,10) (2,10) 78
(2,10) (1,10) 99
(2,10) (3,10) 46
(3,10) (2,10) 95
(3,10) (4,10) 118
(4,10) (3,10) 62
(4,10) (5,10) 11
(5,10) (4,10) 130
(5,10) (6,10) 126
(6,10) (5,10) 7
(6,10) (7,10) 84
(7,10) (6,10) 67
(7,10) (8,10) 32
(8,10) (7,10) 130
(8,10) (9,10) 18
(9,10) (8,10) 122
(9,10) (10,10) 52
(10,10) (9,10) 76
(10,10) (11,10) 138
(11,10) (10,10) 19
(11,10) (12,10) 122
(12,10) (11,10) 56
(12,10) (13,10) 75
(13,10) (12,10) 93
(13,10) (14,10) 43
(14,10) (13,10) 47
(14,10) (15,10) 50
(15,10) (14,10) 47
(15,10) (16,10) 82
(16,10) (15,10) 115
(16,10) (17,10) 22
(17,10) (16,10) 131
(17,10) (18,10) 148
(18,10) (17,10) 13
(18,10) (19,10) 8
(19,10) (18,10) 123
(19,10) (20,10) 138
(20,10) (19,10) 40
(1,11) (2,11) 115
(2,11) (1,11) 105
(2,11) (3,11) 127
(3,11) (2,11) 14
(3,11) (4,11) 136
(4,11) (3,11) 55
(4,11) (5,11) 45
(5,11) (4,11) 126
(5,11) (6,11) 50
(6,11) (5,11) 139
(6,11) (7,11) 3
(7,11) (6,11) 4
(7,11) (8,11) 68
(8,11) (7,11) 36
(8,11) (9,11) 100
(9,11) (8,11) 83
(9,11) (10,11) 126
(10,11) (9,11) 7
(10,11) (11,11) 81
(11,11) (10,11) 66
(11,11) (12,11) 88
(12,11) (11,11) 66
(12,11) (13,11) 125
(13,11) (12,11) 130
(13,11) (14,11) 30
(14,11) (13,11) 114
(14,11) (15,11) 94
(15,11) (14,11) 94
(15,11) (16,11) 28
(16,11) (15,11) 102
(16,11) (17,11) 35
(17,11) (16,11) 38
(17,11) (18,11) 97
(18,11) (17,11) 137
(18,11) (19,11) 41
(19,11) (18,11) 3
(19,11) (20,11) 121
(20,11) (19,11) 68
(1,12) (2,12) 83
(2,12) (1,12) 70
(2,12) (3,12) 92
(3,12) (2,12) 112
(3,12) (4,12) 52
(4,12) (3,12) 100
(4,12) (5,12) 14
(5,12) (4,12) 44
(5,12) (6,12) 32
(6,12) (5,12) 14
(6,12) (7,12) 13
(7,12) (6,12) 30
(7,12) (8,12) 63
(8,12) (7,12) 129
(8,12) (9,12) 44
(9,12) (8,12) 79
(9,12) (10,12) 4
(10,12) (9,12) 69
(10,12) (11,12) 96
(11,12) (10,12) 33
(11,12) (12,12) 93
(12,12) (11,12) 99
(12,12) (13,12) 19
(13,12) (12,12) 57
(13,12) (14,12) 112
(14,12) (13,12) 78
(14,12) (15,12) 87
(15,12) (14,12) 6
(15,12) (16,12) 7
(16,12) (15,12) 6
(16,12) (17,12) 81
(17,12) (16,12) 57
(17,12) (18,12) 110
(18,12) (17,12) 51
(18,12) (19,12) 35
(19,12) (18,12) 107
(19,12) (20,12) 30
(20,12) (19,12) 36
(1,13) (2,13) 71
(2,13) (1,13) 25
(2,13) (3,13) 10
(3,13) (2,13) 136
(3,13) (4,13) 108
(4,13) (3,13) 73
(4,13) (5,13) 87
(5,13) (4,13) 79
(5,13) (6,13) 8
(6,13) (5,13) 13
(6,13) (7,13) 79
(7,13) (6,13) 128
(7,13) (8,13) 13
(8,13) (7,13) 94
(8,13) (9,13) 29
(9,13) (8,13) 119
(9,13) (10,13) 16
(10,13) (9,13) 101
(10,13) (11,13) 93
(11,13) (10,13) 14
(11,13) (12,13) 104
(12,13) (11,13) 49
(12,13) (13,13) 70
(13,13) (12,13) 150
(13,13) (14,13) 130
(14,13) (13,13) 122
(14,13) (15,13) 62
(15,13) (14,13) 107
(15,13) (16,13) 76
(16,13) (15,13) 83
(16,13) (17,13) 98
(17,13) (16,13) 135
(17,13) (18,13) 148
(18,13) (17,13) 138
(18,13) (19,13) 29
(19,13) (18,13) 75
(19,13) (20,13) 86
(20,13) (19,13) 86
(1,14) (2,14) 62
(2,14) (1,14) 90
(2,14) (3,14) 47
(3,14) (2,14) 94
(3,14) (4,14) 72
(4,14) (3,14) 13
(4,14) (5,14) 131
(5,14) (4,14) 14
(5,14) (6,14) 67
(6,14) (5,14) 21
(6,14) (7,14) 51
(7,14) (6,14) 51
(7,14) (8,14) 59
(8,14) (7,14) 108
(8,14) (9,14) 114
(9,14) (8,14) 63
(9,14) (10,14) 129
(10,14) (9,14) 41
(10,14) (11,14) 82
(11,14) (10,14) 105
(11,14) (12,14) 1
(12,14) (11,14) 92
(12,14) (13,14) 83
(13,14) (12,14) 134
(13,14) (14,14) 144
(14,14) (13,14) 116
(14,14) (15,14) 66
(15,14) (14,14) 147
(15,14) (16,14) 65
(16,14) (15,14) 22
(16,14) (17,14) 41
(17,14) (16,14) 131
(17,14) (18,14) 133
(18,14) (17,14) 67
(18,14) (19,14) 74
(19,14) (18,14) 23
(19,14) (20,14) 137
(20,14) (19,14) 133
(1,15) (2,15) 123
(2,15) (1,15) 135
(2,15) (3,15) 103
(3,15) (2,15) 68
(3,15) (4,15) 30
(4,15) (3,15) 139
(4,15) (5,15) 92
(5,15) (4,15) 122
(5,15) (6,15) 115
(6,15) (5,15) 80
(6,15) (7,15) 111
(7,15) (6,15) 16
(7,15) (8,15) 20
(8,15) (7,15) 77
(8,15) (9,15) 109
(9,15) (8,15) 71
(9,15) (10,15) 14
(10,15) (9,15) 84
(10,15) (11,15) 143
(11,15) (10,15) 83
(11,15) (12,15) 65
(12,15) (11,15) 82
(12,15) (13,15) 70
(13,15) (12,15) 51
(13,15) (14,15) 11
(14,15) (13,15) 30
(14,15) (15,15) 145
(15,15) (14,15) 2
(15,15) (16,15) 4
(16,15) (15,15) 3
(16,15) (17,15) 75
(17,15) (16,15) 104
(17,15) (18,15) 126
(18,15) (17,15) 37
(18,15) (19,15) 31
(19,15) (18,15) 11
(19,15) (20,15) 73
(20,15) (19,15) 22
(1,15) t 43
(2,15) t 102
(3,15) t 135
(4,15) t 82
(5,15) t 60
(6,15) t 136
(7,15) t 50
(8,15) t 33
(9,15) t 105
(10,15) t 61
(11,15) t 139
(12,15) t 81
(13,15) t 52
(14,15) t 46
(15,15) t 143
(16,15) t 34
(17,15) t 71
(18,15) t 130
(19,15) t 115
(20,15) t 122
