s (1,1) 48
s (2,1) 98
s (3,1) 76
s (4,1) 63
s (5,1) 102
s (6,1) 99
s (7,1) 36
s (8,1) 94
s (9,1) 35
s (10,1) 12
s (11,1) 90
s (12,1) 81
s (13,1) 36
s (14,1) 33
s (15,1) 41
s (16,1) 90
s (17,1) 121
s (18,1) 33
s (19,1) 102
s (20,1) 53
(1,1) (1,2) 36
(2,1) (2,2) 124
(3,1) (3,2) 47
(4,1) (4,2) 25
(5,1) (5,2) 125
(6,1) (6,2) 18
(7,1) (7,2) 5
(8,1) (8,2) 5
(9,1) (9,2) 115
(10,1) (10,2) 83
(11,1) (11,2) 104
(12,1) (12,2) 12
(13,1) (13,2) 95
(14,1) (14,2) 96
(15,1) (15,2) 79
(16,1) (16,2) 68
(17,1) (17,2) 89
(18,1) (18,2) 14
(19,1) (19,2) 123
(20,1) (20,2) 28
(1,2) (1,3) 74
(2,2) (2,3) 18
(3,2) (3,3) 64
(4,2) (4,3) 1
(5,2) (5,3) 50
(6,2) (6,3) 107
(7,2) (7,3) 111
(8,2) (8,3) 99
(9,2) (9,3) 106
(10,2) (10,3) 92
(11,2) (11,3) 102
(12,2) (12,3) 60
(13,2) (13,3) 29
(14,2) (14,3) 70
(15,2) (15,3) 79
(16,2) (16,3) 63
(17,2) (17,3) 4
(18,2) (18,3) 99
(19,2) (19,3) 39
(20,2) (20,3) 124
(1,3) (1,4) 87
(2,3) (2,4) 16
(3,3) (3,4) 74
(4,3) (4,4) 25
(5,3) (5,4) 99
(6,3) (6,4) 55
(7,3) (7,4) 97
(8,3) (8,4) 97
(9,3) (9,4) 27
(10,3) (10,4) 61
(11,3) (11,4) 84
(12,3) (12,4) 89
(13,3) (13,4) 42
(14,3) (14,4) 101
(15,3) (15,4) 1
(16,3) (16,4) 24
(17,3) (17,4) 6
(18,3) (18,4) 119
(19,3) (19,4) 53
(20,3) (20,4) 84
(1,4) (1,5) 121
(2,4) (2,5) 41
(3,4) (3,5) 95
(4,4) (4,5) 111
(5,4) (5,5) 43
(6,4) (6,5) 69
(7,4) (7,5) 80
(8,4) (8,5) 38
(9,4) (9,5) 50
(10,4) (10,5) 31
(11,4) (11,5) 73
(12,4) (12,5) 51
(13,4) (13,5) 59
(14,4) (14,5) 110
(15,4) (15,5) 38
(16,4) (16,5) 49
(17,4) (17,5) 68
(18,4) (18,5) 42
(19,4) (19,5) 116
(20,4) (20,5) 9
(1,5) (1,6) 50
(2,5) (2,6) 41
(3,5) (3,6) 124
(4,5) (4,6) 124
(5,5) (5,6) 32
(6,5) (6,6) 33
(7,5) (7,6) 118
(8,5) (8,6) 20
(9,5) (9,6) 59
(10,5) (10,6) 44
(11,5) (11,6) 20
(12,5) (12,6) 31
(13,5) (13,6) 53
(14,5) (14,6) 123
(15,5) (15,6) 42
(16,5) (16,6) 41
(17,5) (17,6) 57
(18,5) (18,6) 89
(19,5) (19,6) 125
(20,5) (20,6) 112
(1,6) (1,7) 39
(2,6) (2,7) 5
(3,6) (3,7) 18
(4,6) (4,7) 45
(5,6) (5,7) 100
(6,6) (6,7) 95
(7,6) (7,7) 123
(8,6) (8,7) 124
(9,6) (9,7) 85
(10,6) (10,7) 14
(11,6) (11,7) 57
(12,6) (12,7) 76
(13,6) (13,7) 118
(14,6) (14,7) 106
(15,6) (15,7) 96
(16,6) (16,7) 8
(17,6) (17,7) 45
(18,6) (18,7) 26
(19,6) (19,7) 71
(20,6) (20,7) 4
(1,7) (1,8) 45
(2,7) (2,8) 71
(3,7) (3,8) 112
(4,7) (4,8) 64
(5,7) (5,8) 80
(6,7) (6,8) 51
(7,7) (7,8) 2
(8,7) (8,8) 11
(9,7) (9,8) 18
(10,7) (10,8) 17
(11,7) (11,8) 62
(12,7) (12,8) 67
(13,7) (13,8) 10
(14,7) (14,8) 20
(15,7) (15,8) 23
(16,7) (16,8) 61
(17,7) (17,8) 18
(18,7) (18,8) 62
(19,7) (19,8) 35
(20,7) (20,8) 102
(1,8) (1,9) 85
(2,8) (2,9) 16
(3,8) (3,9) 28
(4,8) (4,9) 105
(5,8) (5,9) 5
(6,8) (6,9) 44
(7,8) (7,9) 4
(8,8) (8,9) 54
(9,8) (9,9) 94
(10,8) (10,9) 12
(11,8) (11,9) 85
(12,8) (12,9) 79
(13,8) (13,9) 102
(14,8) (14,9) 115
(15,8) (15,9) 66
(16,8) (16,9) 112
(17,8) (17,9) 18
(18,8) (18,9) 45
(19,8) (19,9) 44
(20,8) (20,9) 22
(1,9) (1,10) 76
(2,9) (2,10) 2
(3,9) (3,10) 7
(4,9) (4,10) 40
(5,9) (5,10) 14
(6,9) (6,10) 2
(7,9) (7,10) 67
(8,9) (8,10) 15
(9,9) (9,10) 105
(10,9) (10,10) 83
(11,9) (11,10) 23
(12,9) (12,10) 19
(13,9) (13,10) 98
(14,9) (14,10) 117
(15,9) (15,10) 24
(16,9) (16,10) 105
(17,9) (17,10) 98
(18,9) (18,10) 48
(19,9) (19,10) 17
(20,9) (20,10) 25
(1,10) (1,11) 98
(2,10) (2,11) 75
(3,10) (3,11) 28
(4,10) (4,11) 108
(5,10) (5,11) 106
(6,10) (6,11) 19
(7,10) (7,11) 15
(8,10) (8,11) 49
(9,10) (9,11) 96
(10,10) (10,11) 19
(11,10) (11,11) 39
(12,10) (12,11) 6
(13,10) (13,11) 122
(14,10) (14,11) 84
(15,10) (15,11) 12
(16,10) (16,11) 84
(17,10) (17,11) 93
(18,10) (18,11) 73
(19,10) (19,11) 50
(20,10) (20,11) 39
(1,11) (1,12) 32
(2,11) (2,12) 93
(3,11) (3,12) 43
(4,11) (4,12) 22
(5,11) (5,12) 98
(6,11) (6,12) 3
(7,11) (7,12) 74
(8,11) (8,12) 39
(9,11) (9,12) 97
(10,11) (10,12) 51
(11,11) (11,12) 113
(12,11) (12,12) 42
(13,11) (13,12) 52
(14,11) (14,12) 122
(15,11) (15,12) 54
(16,11) (16,12) 13
(17,11) (17,12) 19
(18,11) (18,12) 108
(19,11) (19,12) 48
(20,11) (20,12) 63
(1,12) (1,13) 93
(2,12) (2,13) 88
(3,12) (3,13) 53
(4,12) (4,13) 16
(5,12) (5,13) 109
(6,12) (6,13) 98
(7,12) (7,13) 113
(8,12) (8,13) 36
(9,12) (9,13) 68
(10,12) (10,13) 99
(11,12) (11,13) 103
(12,12) (12,13) 122
(13,12) (13,13) 45
(14,12) (14,13) 14
(15,12) (15,13) 81
(16,12) (16,13) 22
(17,12) (17,13) 30
(18,12) (18,13) 91
(19,12) (19,13) 38
(20,12) (20,13) 2
(1,13) (1,14) 77
(2,13) (2,14) 47
(3,13) (3,14) 40
(4,13) (4,14) 68
(5,13) (5,14) 76
(6,13) (6,14) 16
(7,13) (7,14) 25
(8,13) (8,14) 69
(9,13) (9,14) 29
(10,13) (10,14) 57
(11,13) (11,14) 8
(12,13) (12,14) 30
(13,13) (13,14) 78
(14,13) (14,14) 104
(15,13) (15,14) 61
(16,13) (16,14) 78
(17,13) (17,14) 108
(18,13) (18,14) 29
(19,13) (19,14) 2
(20,13) (20,14) 67
(1,14) (1,15) 117
(2,14) (2,15) 73
(3,14) (3,15) 124
(4,14) (4,15) 10
(5,14) (5,15) 55
(6,14) (6,15) 95
(7,14) (7,15) 87
(8,14) (8,15) 106
(9,14) (9,15) 81
(10,14) (10,15) 49
(11,14) (11,15) 103
(12,14) (12,15) 86
(13,14) (13,15) 122
(14,14) (14,15) 44
(15,14) (15,15) 97
(16,14) (16,15) 41
(17,14) (17,15) 12
(18,14) (18,15) 88
(19,14) (19,15) 86
(20,14) (20,15) 39
(1,1) (2,1) 124
(2,1) (1,1) 34
(2,1) (3,1) 69
(3,1) (2,1) 7
(3,1) (4,1) 66
(4,1) (3,1) 82
(4,1) (5,1) 20
(5,1) (4,1) 96
(5,1) (6,1) 91
(6,1) (5,1) 41
(6,1) (7,1) 125
(7,1) (6,1) 77
(7,1) (8,1) 115
(8,1) (7,1) 114
(8,1) (9,1) 121
(9,1) (8,1) 65
(9,1) (10,1) 31
(10,1) (9,1) 88
(10,1) (11,1) 106
(11,1) (10,1) 109
(11,1) (12,1) 29
(12,1) (11,1) 94
(12,1) (13,1) 89
(13,1) (12,1) 23
(13,1) (14,1) 114
(14,1) (13,1) 20
(14,1) (15,1) 43
(15,1) (14,1) 79
(15,1) (16,1) 41
(16,1) (15,1) 11
(16,1) (17,1) 111
(17,1) (16,1) 28
(17,1) (18,1) 55
(18,1) (17,1) 22
(18,1) (19,1) 110
(19,1) (18,1) 82
(19,1) (20,1) 24
(20,1) (19,1) 123
(1,2) (2,2) 46
(2,2) (1,2) 107
(2,2) (3,2) 102
(3,2) (2,2) 118
(3,2) (4,2) 96
(4,2) (3,2) 82
(4,2) (5,2) 125
(5,2) (4,2) 89
(5,2) (6,2) 114
(6,2) (5,2) 69
(6,2) (7,2) 15
(7,2) (6,2) 13
(7,2) (8,2) 43
(8,2) (7,2) 57
(8,2) (9,2) 89
(9,2) (8,2) 107
(9,2) (10,2) 103
(10,2) (9,2) 22
(10,2) (11,2) 23
(11,2) (10,2) 67
(11,2) (12,2) 99
(12,2) (11,2) 112
(12,2) (13,2) 45
(13,2) (12,2) 102
(13,2) (14,2) 14
(14,2) (13,2) 124
(14,2) (15,2) 39
(15,2) (14,2) 105
(15,2) (16,2) 114
(16,2) (15,2) 51
(16,2) (17,2) 89
(17,2) (16,2) 88
(17,2) (18,2) 76
(18,2) (17,2) 25
(18,2) (19,2) 87
(19,2) (18,2) 38
(19,2) (20,2) 92
(20,2) (19,2) 43
(1,3) (2,3) 111
(2,3) (1,3) 40
(2,3) (3,3) 104
(3,3) (2,3) 57
(3,3) (4,3) 20
(4,3) (3,3) 52
(4,3) (5,3) 6
(5,3) (4,3) 3
(5,3) (6,3) 41
(6,3) (5,3) 6
(6,3) (7,3) 82
(7,3) (6,3) 103
(7,3) (8,3) 112
(8,3) (7,3) 100
(8,3) (9,3) 7
(9,3) (8,3) 49
(9,3) (10,3) 31
(10,3) (9,3) 9
(10,3) (11,3) 11
(11,3) (10,3) 90
(11,3) (12,3) 32
(12,3) (11,3) 59
(12,3) (13,3) 36
(13,3) (12,3) 22
(13,3) (14,3) 47
(14,3) (13,3) 120
(14,3) (15,3) 23
(15,3) (14,3) 55
(15,3) (16,3) 12
(16,3) (15,3) 32
(16,3) (17,3) 69
(17,3) (16,3) 48
(17,3) (18,3) 97
(18,3) (17,3) 29
(18,3) (19,3) 31
(19,3) (18,3) 34
(19,3) (20,3) 123
(20,3) (19,3) 77
(1,4) (2,4) 64
(2,4) (1,4) 56
(2,4) (3,4) 120
(3,4) (2,4) 27
(3,4) (4,4) 86
(4,4) (3,4) 74
(4,4) (5,4) 115
(5,4) (4,4) 21
(5,4) (6,4) 22
(6,4) (5,4) 121
(6,4) (7,4) 78
(7,4) (6,4) 56
(7,4) (8,4) 46
(8,4) (7,4) 85
(8,4) (9,4) 23
(9,4) (8,4) 40
(9,4) (10,4) 23
(10,4) (9,4) 91
(10,4) (11,4) 16
(11,4) (10,4) 61
(11,4) (12,4) 78
(12,4) (11,4) 118
(12,4) (13,4) 50
(13,4) (12,4) 54
(13,4) (14,4) 43
(14,4) (13,4) 117
(14,4) (15,4) 86
(15,4) (14,4) 81
(15,4) (16,4) 99
(16,4) (15,4) 36
(16,4) (17,4) 111
(17,4) (16,4) 30
(17,4) (18,4) 1
(18,4) (17,4) 105
(18,4) (19,4) 76
(19,4) (18,4) 33
(19,4) (20,4) 100
(20,4) (19,4) 40
(1,5) (2,5) 11
(2,5) (1,5) 112
(2,5) (3,5) 79
(3,5) (2,5) 98
(3,5) (4,5) 76
(4,5) (3,5) 50
(4,5) (5,5) 48
(5,5) (4,5) 125
(5,5) (6,5) 112
(6,5) (5,5) 96
(6,5) (7,5) 41
(7,5) (6,5) 23
(7,5) (8,5) 11
(8,5) (7,5) 36
(8,5) (9,5) 60
(9,5) (8,5) 103
(9,5) (10,5) 82
(10,5) (9,5) 97
(10,5) (11,5) 18
(11,5) (10,5) 34
(11,5) (12,5) 104
(12,5) (11,5) 41
(12,5) (13,5) 51
(13,5) (12,5) 19
(13,5) (14,5) 50
(14,5) (13,5) 95
(14,5) (15,5) 82
(15,5) (14,5) 60
(15,5) (16,5) 60
(16,5) (15,5) 10
(16,5) (17,5) 36
(17,5) (16,5) 99
(17,5) (18,5) 11
(18,5) (17,5) 4
(18,5) (19,5) 92
(19,5) (18,5) 60
(19,5) (20,5) 102
(20,5) (19,5) 44
(1,6) (2,6) 10
(2,6) (1,6) 46
(2,6) (3,6) 58
(3,6) (2,6) 12
(3,6) (4,6) 19
(4,6) (3,6) 117
(4,6) (5,6) 73
(5,6) (4,6) 38
(5,6) (6,6) 98
(6,6) (5,6) 86
(6,6) (7,6) 96
(7,6) (6,6) 10
(7,6) (8,6) 70
(8,6) (7,6) 72
(8,6) (9,6) 37
(9,6) (8,6) 111
(9,6) (10,6) 63
(10,6) (9,6) 69
(10,6) (11,6) 65
(11,6) (10,6) 81
(11,6) (12,6) 105
(12,6) (11,6) 37
(12,6) (13,6) 29
(13,6) (12,6) 73
(13,6) (14,6) 55
(14,6) (13,6) 75
(14,6) (15,6) 100
(15,6) (14,6) 84
(15,6) (16,6) 83
(16,6) (15,6) 95
(16,6) (17,6) 85
(17,6) (16,6) 114
(17,6) (18,6) 25
(18,6) (17,6) 101
(18,6) (19,6) 32
(19,6) (18,6) 114
(19,6) (20,6) 117
(20,6) (19,6) 79
(1,7) (2,7) 35
(2,7) (1,7) 43
(2,7) (3,7) 9
(3,7) (2,7) 119
(3,7) (4,7) 53
(4,7) (3,7) 111
(4,7) (5,7) 93
(5,7) (4,7) 52
(5,7) (6,7) 11
(6,7) (5,7) 94
(6,7) (7,7) 111
(7,7) (6,7) 9
(7,7) (8,7) 107
(8,7) (7,7) 62
(8,7) (9,7) 54
(9,7) (8,7) 112
(9,7) (10,7) 92
(10,7) (9,7) 113
(10,7) (11,7) 119
(11,7) (10,7) 86
(11,7) (12,7) 89
(12,7) (11,7) 121
(12,7) (13,7) 108
(13,7) (12,7) 78
(13,7) (14,7) 22
(14,7) (13,7) 78
(14,7) (15,7) 9
(15,7) (14,7) 34
(15,7) (16,7) 21
(16,7) (15,7) 30
(16,7) (17,7) 44
(17,7) (16,7) 66
(17,7) (18,7) 95
(18,7) (17,7) 38
(18,7) (19,7) 123
(19,7) (18,7) 76
(19,7) (20,7) 105
(20,7) (19,7) 36
(1,8) (2,8) 7
(2,8) (1,8) 121
(2,8) (3,8) 35
(3,8) (2,8) 12
(3,8) (4,8) 121
(4,8) (3,8) 110
(4,8) (5,8) 80
(5,8) (4,8) 24
(5,8) (6,8) 1
(6,8) (5,8) 111
(6,8) (7,8) 31
(7,8) (6,8) 36
(7,8) (8,8) 110
(8,8) (7,8) 4
(8,8) (9,8) 17
(9,8) (8,8) 53
(9,8) (10,8) 112
(10,8) (9,8) 52
(10,8) (11,8) 16
(11,8) (10,8) 60
(11,8) (12,8) 5
(12,8) (11,8) 100
(12,8) (13,8) 125
(13,8) (12,8) 123
(13,8) (14,8) 75
(14,8) (13,8) 100
(14,8) (15,8) 93
(15,8) (14,8) 114
(15,8) (16,8) 111
(16,8) (15,8) 4
(16,8) (17,8) 48
(17,8) (16,8) 56
(17,8) (18,8) 21
(18,8) (17,8) 14
(18,8) (19,8) 8
(19,8) (18,8) 38
(19,8) (20,8) 8
(20,8) (19,8) 18
(1,9) (2,9) 44
(2,9) (1,9) 47
(2,9) (3,9) 90
(3,9) (2,9) 62
(3,9) (4,9) 76
(4,9) (3,9) 107
(4,9) (5,9) 58
(5,9) (4,9) 7
(5,9) (6,9) 22
(6,9) (5,9) 48
(6,9) (7,9) 24
(7,9) (6,9) 123
(7,9) (8,9) 62
(8,9) (7,9) 115
(8,9) (9,9) 14
(9,9) (8,9) 66
(9,9) (10,9) 123
(10,9) (9,9) 118
(10,9) (11,9) 29
(11,9) (10,9) 54
(11,9) (12,9) 72
(12,9) (11,9) 103
(12,9) (13,9) 51
(13,9) (12,9) 94
(13,9) (14,9) 71
(14,9) (13,9) 59
(14,9) (15,9) 79
(15,9) (14,9) 108
(15,9) (16,9) 109
(16,9) (15,9) 36
(16,9) (17,9) 71
(17,9) (16,9) 58
(17,9) (18,9) 86
(18,9) (17,9) 104
(18,9) (19,9) 3
(19,9) (18,9) 95
(19,9) (20,9) 1
(20,9) (19,9) 94
(1,10) (2,10) 104
(2,10) (1,10) 31
(2,10) (3,10) 6
(3,10) (2,10) 31
(3,10) (4,10) 45
(4,10) (3,10) 79
(4,10) (5,10) 4
(5,10) (4,10) 63
(5,10) (6,10) 69
(6,10) (5,10) 74
(6,10) (7,10) 117
(7,10) (6,10) 99
(7,10) (8,10) 76
(8,10) (7,10) 120
(8,10) (9,10) 84
(9,10) (8,10) 16
(9,10) (10,10) 117
(10,10) (9,10) 24
(10,10) (11,10) 43
(11,10) (10,10) 85
(11,10) (12,10) 42
(12,10) (11,10) 82
(12,10) (13,10) 19
(13,10) (12,10) 101
(13,10) (14,10) 88
(14,10) (13,10) 24
(14,10) (15,10) 55
(15,10) (14,10) 109
(15,10) (16,10) 58
(16,10) (15,10) 68
(16,10) (17,10) 30
(17,10) (16,10) 66
(17,10) (18,10) 15
(18,10) (17,10) 122
(18,10) (19,10) 98
(19,10) (18,10) 120
(19,10) (20,10) 117
(20,10) (19,10) 63
(1,11) (2,11) 17
(2,11) (1,11) 121
(2,11) (3,11) 67
(3,11) (2,11) 121
(3,11) (4,11) 64
(4,11) (3,11) 86
(4,11) (5,11) 4
(5,11) (4,11) 30
(5,11) (6,11) 86
(6,11) (5,11) 38
(6,11) (7,11) 3
(7,11) (6,11) 101
(7,11) (8,11) 61
(8,11) (7,11) 48
(8,11) (9,11) 104
(9,11) (8,11) 100
(9,11) (10,11) 40
(10,11) (9,11) 116
(10,11) (11,11) 105
(11,11) (10,11) 90
(11,11) (12,11) 113
(12,11) (11,11) 36
(12,11) (13,11) 113
(13,11) (12,11) 96
(13,11) (14,11) 64
(14,11) (13,11) 35
(14,11) (15,11) 73
(15,11) (14,11) 85
(15,11) (16,11) 123
(16,11) (15,11) 42
(16,11) (17,11) 107
(17,11) (16,11) 66
(17,11) (18,11) 19
(18,11) (17,11) 73
(18,11) (19,11) 37
(19,11) (18,11) 34
(19,11) (20,11) 96
(20,11) (19,11) 67
(1,12) (2,12) 112
(2,12) (1,12) 68
(2,12) (3,12) 53
(3,12) (2,12) 19
(3,12) (4,12) 103
(4,12) (3,12) 54
(4,12) (5,12) 47
(5,12) (4,12) 54
(5,12) (6,12) 14
(6,12) (5,12) 37
(6,12) (7,12) 30
(7,12) (6,12) 35
(7,12) (8,12) 4
(8,12) (7,12) 120
(8,12) (9,12) 84
(9,12) (8,12) 27
(9,12) (10,12) 124
(10,12) (9,12) 78
(10,12) (11,12) 52
(11,12) (10,12) 7
(11,12) (12,12) 13
(12,12) (11,12) 105
(12,12) (13,12) 93
(13,12) (12,12) 77
(13,12) (14,12) 38
(14,12) (13,12) 103
(14,12) (15,12) 12
(15,12) (14,12) 1
(15,12) (16,12) 29
(16,12) (15,12) 2
(16,12) (17,12) 37
(17,12) (16,12) 63
(17,12) (18,12) 119
(18,12) (17,12) 4
(18,12) (19,12) 34
(19,12) (18,12) 59
(19,12) (20,12) 125
(20,12) (19,12) 15
(1,13) (2,13) 125
(2,13) (1,13) 122
(2,13) (3,13) 60
(3,13) (2,13) 28
(3,13) (4,13) 42
(4,13) (3,13) 26
(4,13) (5,13) 93
(5,13) (4,13) 39
(5,13) (6,13) 121
(6,13) (5,13) 19
(6,13) (7,13) 98
(7,13) (6,13) 90
(7,13) (8,13) 26
(8,13) (7,13) 33
(8,13) (9,13) 97
(9,13) (8,13) 17
(9,13) (10,13) 110
(10,13) (9,13) 82
(10,13) (11,13) 35
(11,13) (10,13) 98
(11,13) (12,13) 111
(12,13) (11,13) 46
(12,13) (13,13) 20
(13,13) (12,13) 80
(13,13) (14,13) 47
(14,13) (13,13) 90
(14,13) (15,13) 63
(15,13) (14,13) 31
(15,13) (16,13) 67
(16,13) (15,13) 122
(16,13) (17,13) 118
(17,13) (16,13) 31
(17,13) (18,13) 32
(18,13) (17,13) 89
(18,13) (19,13) 35
(19,13) (18,13) 66
(19,13) (20,13) 114
(20,13) (19,13) 44
(1,14) (2,14) 21
(2,14) (1,14) 111
(2,14) (3,14) 26
(3,14) (2,14) 18
(3,14) (4,14) 85
(4,14) (3,14) 54
(4,14) (5,14) 20
(5,14) (4,14) 36
(5,14) (6,14) 56
(6,14) (5,14) 67
(6,14) (7,14) 120
(7,14) (6,14) 65
(7,14) (8,14) 41
(8,14) (7,14) 12
(8,14) (9,14) 25
(9,14) (8,14) 11
(9,14) (10,14) 85
(10,14) (9,14) 59
(10,14) (11,14) 32
(11,14) (10,14) 6
(11,14) (12,14) 79
(12,14) (11,14) 77
(12,14) (13,14) 79
(13,14) (12,14) 90
(13,14) (14,14) 58
(14,14) (13,14) 50
(14,14) (15,14) 118
(15,14) (14,14) 4
(15,14) (16,14) 112
(16,14) (15,14) 96
(16,14) (17,14) 25
(17,14) (16,14) 119
(17,14) (18,14) 101
(18,14) (17,14) 80
(18,14) (19,14) 64
(19,14) (18,14) 41
(19,14) (20,14) 77
(20,14) (19,14) 56
(1,15) (2,15) 24
(2,15) (1,15) 77
(2,15) (3,15) 3
(3,15) (2,15) 25
(3,15) (4,15) 79
(4,15) (3,15) 101
(4,15) (5,15) 94
(5,15) (4,15) 36
(5,15) (6,15) 93
(6,15) (5,15) 37
(6,15) (7,15) 48
(7,15) (6,15) 91
(7,15) (8,15) 73
(8,15) (7,15) 117
(8,15) (9,15) 116
(9,15) (8,15) 70
(9,15) (10,15) 7
(10,15) (9,15) 87
(10,15) (11,15) 71
(11,15) (10,15) 47
(11,15) (12,15) 12
(12,15) (11,15) 68
(12,15) (13,15) 58
(13,15) (12,15) 71
(13,15) (14,15) 48
(14,15) (13,15) 42
(14,15) (15,15) 109
(15,15) (14,15) 41
(15,15) (16,15) 121
(16,15) (15,15) 75
(16,15) (17,15) 92
(17,15) (16,15) 66
(17,15) (18,15) 90
(18,15) (17,15) 124
(18,15) (19,15) 38
(19,15) (18,15) 17
(19,15) (20,15) 54
(20,15) (19,15) 87
(1,15) t 78
(2,15) t 32
(3,15) t 25
(4,15) t 31
(5,15) t 57
(6,15) t 43
(7,15) t 124
(8,15) t 33
(9,15) t 23
(10,15) t 101
(11,15) t 65
(12,15) t 110
(13,15) t 102
(14,15) t 71
(15,15) t 10
(16,15) t 28
(17,15) t 64
(18,15) t 57
(19,15) t 83
(20,15) t 11
