s (1,1) 78
s (2,1) 83
s (3,1) 60
s (4,1) 50
s (5,1) 81
s (6,1) 44
s (7,1) 8
s (8,1) 70
s (9,1) 14
s (10,1) 96
s (11,1) 65
s (12,1) 83
s (13,1) 46
s (14,1) 3
s (15,1) 41
s (16,1) 90
s (17,1) 98
s (18,1) 84
s (19,1) 69
s (20,1) 73
(1,1) (1,2) 34
(2,1) (2,2) 91
(3,1) (3,2) 10
(4,1) (4,2) 86
(5,1) (5,2) 94
(6,1) (6,2) 11
(7,1) (7,2) 74
(8,1) (8,2) 74
(9,1) (9,2) 50
(10,1) (10,2) 21
(11,1) (11,2) 32
(12,1) (12,2) 84
(13,1) (13,2) 71
(14,1) (14,2) 87
(15,1) (15,2) 56
(16,1) (16,2) 47
(17,1) (17,2) 7
(18,1) (18,2) 9
(19,1) (19,2) 22
(20,1) (20,2) 54
(1,2) (1,3) 85
(2,2) (2,3) 94
(3,2) (3,3) 51
(4,2) (4,3) 68
(5,2) (5,3) 3
(6,2) (6,3) 47
(7,2) (7,3) 33
(8,2) (8,3) 37
(9,2) (9,3) 46
(10,2) (10,3) 76
(11,2) (11,3) 15
(12,2) (12,3) 44
(13,2) (13,3) 24
(14,2) (14,3) 44
(15,2) (15,3) 32
(16,2) (16,3) 97
(17,2) (17,3) 98
(18,2) (18,3) 68
(19,2) (19,3) 43
(20,2) (20,3) 26
(1,3) (1,4) 92
(2,3) (2,4) 67
(3,3) (3,4) 16
(4,3) (4,4) 83
(5,3) (5,4) 85
(6,3) (6,4) 29
(7,3) (7,4) 94
(8,3) (8,4) 84
(9,3) (9,4) 15
(10,3) (10,4) 30
(11,3) (11,4) 57
(12,3) (12,4) 57
(13,3) (13,4) 8
(14,3) (14,4) 91
(15,3) (15,4) 58
(16,3) (16,4) 33
(17,3) (17,4) 4
(18,3) (18,4) 20
(19,3) (19,4) 35
(20,3) (20,4) 54
(1,4) (1,5) 43
(2,4) (2,5) 88
(3,4) (3,5) 45
(4,4) (4,5) 76
(5,4) (5,5) 99
(6,4) (6,5) 50
(7,4) (7,5) 22
(8,4) (8,5) 56
(9,4) (9,5) 11
(10,4) (10,5) 97
(11,4) (11,5) 43
(12,4) (12,5) 49
(13,4) (13,5) 44
(14,4) (14,5) 92
(15,4) (15,5) 98
(16,4) (16,5) 12
(17,4) (17,5) 37
(18,4) (18,5) 57
(19,4) (19,5) 33
(20,4) (20,5) 25
(1,5) (1,6) 74
(2,5) (2,6) 43
(3,5) (3,6) 51
(4,5) (4,6) 22
(5,5) (5,6) 57
(6,5) (6,6) 69
(7,5) (7,6) 68
(8,5) (8,6) 59
(9,5) (9,6) 88
(10,5) (10,6) 94
(11,5) (11,6) 21
(12,5) (12,6) 35
(13,5) (13,6) 83
(14,5) (14,6) 80
(15,5) (15,6) 70
(16,5) (16,6) 2
(17,5) (17,6) 7
(18,5) (18,6) 35
(19,5) (19,6) 76
(20,5) (20,6) 64
(1,6) (1,7) 58
(2,6) (2,7) 83
(3,6) (3,7) 75
(4,6) (4,7) 91
(5,6) (5,7) 25
(6,6) (6,7) 52
(7,6) (7,7) 17
(8,6) (8,7) 21
(9,6) (9,7) 19
(10,6) (10,7) 37
(11,6) (11,7) 86
(12,6) (12,7) 86
(13,6) (13,7) 43
(14,6) (14,7) 56
(15,6) (15,7) 82
(16,6) (16,7) 21
(17,6) (17,7) 53
(18,6) (18,7) 99
(19,6) (19,7) 69
(20,6) (20,7) 1
(1,7) (1,8) 36
(2,7) (2,8) 13
(3,7) (3,8) 45
(4,7) (4,8) 22
(5,7) (5,8) 8
(6,7) (6,8) 83
(7,7) (7,8) 47
(8,7) (8,8) 14
(9,7) (9,8) 35
(10,7) (10,8) 25
(11,7) (11,8) 98
(12,7) (12,8) 76
(13,7) (13,8) 57
(14,7) (14,8) 77
(15,7) (15,8) 24
(16,7) (16,8) 47
(17,7) (17,8) 32
(18,7) (18,8) 39
(19,7) (19,8) 84
(20,7) (20,8) 12
(1,8) (1,9) 15
(2,8) (2,9) 40
(3,8) (3,9) 23
(4,8) (4,9) 22
(5,8) (5,9) 47
(6,8) (6,9) 69
(7,8) (7,9) 95
(8,8) (8,9) 42
(9,8) (9,9) 85
(10,8) (10,9) 94
(11,8) (11,9) 27
(12,8) (12,9) 40
(13,8) (13,9) 99
(14,8) (14,9) 17
(15,8) (15,9) 48
(16,8) (16,9) 49
(17,8) (17,9) 21
(18,8) (18,9) 97
(19,8) (19,9) 47
(20,8) (20,9) 68
(1,9) (1,10) 88
(2,9) (2,10) 9
(3,9) (3,10) 91
(4,9) (4,10) 83
(5,9) (5,10) 85
(6,9) (6,10) 23
(7,9) (7,10) 62
(8,9) (8,10) 94
(9,9) (9,10) 21
(10,9) (10,10) 81
(11,9) (11,10) 4
(12,9) (12,10) 20
(13,9) (13,10) 93
(14,9) (14,10) 95
(15,9) (15,10) 70
(16,9) (16,10) 18
(17,9) (17,10) 2
(18,9) (18,10) 69
(19,9) (19,10) 90
(20,9) (20,10) 90
(1,10) (1,11) 27
(2,10) (2,11) 48
(3,10) (3,11) 16
(4,10) (4,11) 76
(5,10) (5,11) 66
(6,10) (6,11) 78
(7,10) (7,11) 86
(8,10) (8,11) 7
(9,10) (9,11) 66
(10,10) (10,11) 83
(11,10) (11,11) 2
(12,10) (12,11) 67
(13,10) (13,11) 69
(14,10) (14,11) 68
(15,10) (15,11) 48
(16,10) (16,11) 35
(17,10) (17,11) 43
(18,10) (18,11) 98
(19,10) (19,11) 63
(20,10) (20,11) 8
(1,11) (1,12) 91
(2,11) (2,12) 46
(3,11) (3,12) 9
(4,11) (4,12) 45
(5,11) (5,12) 90
(6,11) (6,12) 88
(7,11) (7,12) 6
(8,11) (8,12) 21
(9,11) (9,12) 67
(10,11) (10,12) 2
(11,11) (11,12) 90
(12,11) (12,12) 15
(13,11) (13,12) 56
(14,11) (14,12) 17
(15,11) (15,12) 99
(16,11) (16,12) 53
(17,11) (17,12) 96
(18,11) (18,12) 72
(19,11) (19,12) 83
(20,11) (20,12) 45
(1,12) (1,13) 86
(2,12) (2,13) 88
(3,12) (3,13) 4
(4,12) (4,13) 51
(5,12) (5,13) 63
(6,12) (6,13) 32
(7,12) (7,13) 25
(8,12) (8,13) 88
(9,12) (9,13) 37
(10,12) (10,13) 37
(11,12) (11,13) 49
(12,12) (12,13) 92
(13,12) (13,13) 86
(14,12) (14,13) 61
(15,12) (15,13) 18
(16,12) (16,13) 56
(17,12) (17,13) 84
(18,12) (18,13) 63
(19,12) (19,13) 12
(20,12) (20,13) 92
(1,13) (1,14) 63
(2,13) (2,14) 51
(3,13) (3,14) 41
(4,13) (4,14) 99
(5,13) (5,14) 65
(6,13) (6,14) 68
(7,13) (7,14) 52
(8,13) (8,14) 26
(9,13) (9,14) 90
(10,13) (10,14) 70
(11,13) (11,14) 98
(12,13) (12,14) 85
(13,13) (13,14) 55
(14,13) (14,14) 69
(15,13) (15,14) 62
(16,13) (16,14) 82
(17,13) (17,14) 34
(18,13) (18,14) 2
(19,13) (19,14) 38
(20,13) (20,14) 84
(1,14) (1,15) 64
(2,14) (2,15) 76
(3,14) (3,15) 19
(4,14) (4,15) 55
(5,14) (5,15) 64
(6,14) (6,15) 8
(7,14) (7,15) 60
(8,14) (8,15) 47
(9,14) (9,15) 64
(10,14) (10,15) 30
(11,14) (11,15) 10
(12,14) (12,15) 15
(13,14) (13,15) 5
(14,14) (14,15) 99
(15,14) (15,15) 17
(16,14) (16,15) 37
(17,14) (17,15) 4
(18,14) (18,15) 33
(19,14) (19,15) 16
(20,14) (20,15) 68
(1,1) (2,1) 99
(2,1) (1,1) 22
(2,1) (3,1) 25
(3,1) (2,1) 33
(3,1) (4,1) 96
(4,1) (3,1) 13
(4,1) (5,1) 74
(5,1) (4,1) 94
(5,1) (6,1) 8
(6,1) (5,1) 5
(6,1) (7,1) 74
(7,1) (6,1) 80
(7,1) (8,1) 57
(8,1) (7,1) 16
(8,1) (9,1) 93
(9,1) (8,1) 73
(9,1) (10,1) 10
(10,1) (9,1) 13
(10,1) (11,1) 76
(11,1) (10,1) 36
(11,1) (12,1) 79
(12,1) (11,1) 40
(12,1) (13,1) 10
(13,1) (12,1) 89
(13,1) (14,1) 5
(14,1) (13,1) 3
(14,1) (15,1) 83
(15,1) (14,1) 9
(15,1) (16,1) 55
(16,1) (15,1) 29
(16,1) (17,1) 18
(17,1) (16,1) 46
(17,1) (18,1) 64
(18,1) (17,1) 78
(18,1) (19,1) 74
(19,1) (18,1) 3
(19,1) (20,1) 61
(20,1) (19,1) 28
(1,2) (2,2) 7
(2,2) (1,2) 36
(2,2) (3,2) 52
(3,2) (2,2) 79
(3,2) (4,2) 19
(4,2) (3,2) 93
(4,2) (5,2) 26
(5,2) (4,2) 9
(5,2) (6,2) 68
(6,2) (5,2) 77
(6,2) (7,2) 78
(7,2) (6,2) 18
(7,2) (8,2) 19
(8,2) (7,2) 37
(8,2) (9,2) 79
(9,2) (8,2) 82
(9,2) (10,2) 32
(10,2) (9,2) 15
(10,2) (11,2) 92
(11,2) (10,2) 31
(11,2) (12,2) 99
(12,2) (11,2) 7
(12,2) (13,2) 100
(13,2) (12,2) 39
(13,2) (14,2) 26
(14,2) (13,2) 65
(14,2) (15,2) 17
(15,2) (14,2) 91
(15,2) (16,2) 37
(16,2) (15,2) 77
(16,2) (17,2) 58
(17,2) (16,2) 11
(17,2) (18,2) 26
(18,2) (17,2) 7
(18,2) (19,2) 44
(19,2) (18,2) 55
(19,2) (20,2) 83
(20,2) (19,2) 34
(1,3) (2,3) 41
(2,3) (1,3) 78
(2,3) (3,3) 83
(3,3) (2,3) 16
(3,3) (4,3) 84
(4,3) (3,3) 41
(4,3) (5,3) 4
(5,3) (4,3) 100
(5,3) (6,3) 54
(6,3) (5,3) 22
(6,3) (7,3) 58
(7,3) (6,3) 93
(7,3) (8,3) 50
(8,3) (7,3) 40
(8,3) (9,3) 20
(9,3) (8,3) 47
(9,3) (10,3) 45
(10,3) (9,3) 43
(10,3) (11,3) 45
(11,3) (10,3) 61
(11,3) (12,3) 57
(12,3) (11,3) 90
(12,3) (13,3) 32
(13,3) (12,3) 34
(13,3) (14,3) 71
(14,3) (13,3) 65
(14,3) (15,3) 61
(15,3) (14,3) 68
(15,3) (16,3) 64
(16,3) (15,3) 36
(16,3) (17,3) 55
(17,3) (16,3) 87
(17,3) (18,3) 77
(18,3) (17,3) 91
(18,3) (19,3) 70
(19,3) (18,3) 78
(19,3) (20,3) 63
(20,3) (19,3) 39
(1,4) (2,4) 94
(2,4) (1,4) 4
(2,4) (3,4) 94
(3,4) (2,4) 16
(3,4) (4,4) 46
(4,4) (3,4) 14
(4,4) (5,4) 66
(5,4) (4,4) 96
(5,4) (6,4) 71
(6,4) (5,4) 46
(6,4) (7,4) 29
(7,4) (6,4) 78
(7,4) (8,4) 62
(8,4) (7,4) 17
(8,4) (9,4) 8
(9,4) (8,4) 21
(9,4) (10,4) 33
(10,4) (9,4) 62
(10,4) (11,4) 8
(11,4) (10,4) 47
(11,4) (12,4) 87
(12,4) (11,4) 83
(12,4) (13,4) 45
(13,4) (12,4) 16
(13,4) (14,4) 58
(14,4) (13,4) 100
(14,4) (15,4) 49
(15,4) (14,4) 24
(15,4) (16,4) 1
(16,4) (15,4) 22
(16,4) (17,4) 88
(17,4) (16,4) 40
(17,4) (18,4) 32
(18,4) (17,4) 26
(18,4) (19,4) 56
(19,4) (18,4) 46
(19,4) (20,4) 23
(20,4) (19,4) 87
(1,5) (2,5) 57
(2,5) (1,5) 91
(2,5) (3,5) 29
(3,5) (2,5) 66
(3,5) (4,5) 23
(4,5) (3,5) 84
(4,5) (5,5) 53
(5,5) (4,5) 42
(5,5) (6,5) 47
(6,5) (5,5) 33
(6,5) (7,5) 22
(7,5) (6,5) 53
(7,5) (8,5) 21
(8,5) (7,5) 28
(8,5) (9,5) 72
(9,5) (8,5) 7
(9,5) (10,5) 47
(10,5) (9,5) 9
(10,5) (11,5) 30
(11,5) (10,5) 85
(11,5) (12,5) 3
(12,5) (11,5) 90
(12,5) (13,5) 57
(13,5) (12,5) 85
(13,5) (14,5) 46
(14,5) (13,5) 76
(14,5) (15,5) 19
(15,5) (14,5) 76
(15,5) (16,5) 65
(16,5) (15,5) 55
(16,5) (17,5) 94
(17,5) (16,5) 20
(17,5) (18,5) 59
(18,5) (17,5) 7
(18,5) (19,5) 3
(19,5) (18,5) 85
(19,5) (20,5) 5
(20,5) (19,5) 83
(1,6) (2,6) 30
(2,6) (1,6) 44
(2,6) (3,6) 50
(3,6) (2,6) 74
(3,6) (4,6) 84
(4,6) (3,6) 16
(4,6) (5,6) 94
(5,6) (4,6) 61
(5,6) (6,6) 24
(6,6) (5,6) 17
(6,6) (7,6) 29
(7,6) (6,6) 32
(7,6) (8,6) 1
(8,6) (7,6) 78
(8,6) (9,6) 50
(9,6) (8,6) 45
(9,6) (10,6) 21
(10,6) (9,6) 10
(10,6) (11,6) 82
(11,6) (10,6) 99
(11,6) (12,6) 43
(12,6) (11,6) 88
(12,6) (13,6) 96
(13,6) (12,6) 76
(13,6) (14,6) 29
(14,6) (13,6) 21
(14,6) (15,6) 78
(15,6) (14,6) 19
(15,6) (16,6) 80
(16,6) (15,6) 94
(16,6) (17,6) 89
(17,6) (16,6) 53
(17,6) (18,6) 18
(18,6) (17,6) 42
(18,6) (19,6) 12
(19,6) (18,6) 23
(19,6) (20,6) 26
(20,6) (19,6) 66
(1,7) (2,7) 83
(2,7) (1,7) 84
(2,7) (3,7) 4
(3,7) (2,7) 81
(3,7) (4,7) 91
(4,7) (3,7) 14
(4,7) (5,7) 48
(5,7) (4,7) 56
(5,7) (6,7) 61
(6,7) (5,7) 52
(6,7) (7,7) 69
(7,7) (6,7) 67
(7,7) (8,7) 48
(8,7) (7,7) 33
(8,7) (9,7) 75
(9,7) (8,7) 36
(9,7) (10,7) 56
(10,7) (9,7) 27
(10,7) (11,7) 22
(11,7) (10,7) 88
(11,7) (12,7) 25
(12,7) (11,7) 95
(12,7) (13,7) 90
(13,7) (12,7) 1
(13,7) (14,7) 81
(14,7) (13,7) 78
(14,7) (15,7) 100
(15,7) (14,7) 65
(15,7) (16,7) 6
(16,7) (15,7) 86
(16,7) (17,7) 31
(17,7) (16,7) 54
(17,7) (18,7) 48
(18,7) (17,7) 28
(18,7) (19,7) 47
(19,7) (18,7) 34
(19,7) (20,7) 95
(20,7) (19,7) 73
(1,8) (2,8) 51
(2,8) (1,8) 61
(2,8) (3,8) 90
(3,8) (2,8) 95
(3,8) (4,8) 50
(4,8) (3,8) 61
(4,8) (5,8) 62
(5,8) (4,8) 78
(5,8) (6,8) 1
(6,8) (5,8) 54
(6,8) (7,8) 3
(7,8) (6,8) 64
(7,8) (8,8) 60
(8,8) (7,8) 72
(8,8) (9,8) 86
(9,8) (8,8) 98
(9,8) (10,8) 3
(10,8) (9,8) 75
(10,8) (11,8) 64
(11,8) (10,8) 33
(11,8) (12,8) 92
(12,8) (11,8) 37
(12,8) (13,8) 47
(13,8) (12,8) 82
(13,8) (14,8) 38
(14,8) (13,8) 14
(14,8) (15,8) 45
(15,8) (14,8) 30
(15,8) (16,8) 90
(16,8) (15,8) 77
(16,8) (17,8) 66
(17,8) (16,8) 2
(17,8) (18,8) 22
(18,8) (17,8) 39
(18,8) (19,8) 28
(19,8) (18,8) 91
(19,8) (20,8) 58
(20,8) (19,8) 19
(1,9) (2,9) 95
(2,9) (1,9) 85
(2,9) (3,9) 3
(3,9) (2,9) 33
(3,9) (4,9) 47
(4,9) (3,9) 70
(4,9) (5,9) 92
(5,9) (4,9) 83
(5,9) (6,9) 57
(6,9) (5,9) 66
(6,9) (7,9) 53
(7,9) (6,9) 38
(7,9) (8,9) 86
(8,9) (7,9) 10
(8,9) (9,9) 14
(9,9) (8,9) 89
(9,9) (10,9) 35
(10,9) (9,9) 42
(10,9) (11,9) 12
(11,9) (10,9) 89
(11,9) (12,9) 74
(12,9) (11,9) 96
(12,9) (13,9) 63
(13,9) (12,9) 38
(13,9) (14,9) 78
(14,9) (13,9) 57
(14,9) (15,9) 36
(15,9) (14,9) 29
(15,9) (16,9) 35
(16,9) (15,9) 35
(16,9) (17,9) 92
(17,9) (16,9) 87
(17,9) (18,9) 85
(18,9) (17,9) 32
(18,9) (19,9) 74
(19,9) (18,9) 69
(19,9) (20,9) 54
(20,9) (19,9) 13
(1,10) (2,10) 77
(2,10) (1,10) 98
(2,10) (3,10) 99
(3,10) (2,10) 57
(3,10) (4,10) 28
(4,10) (3,10) 52
(4,10) (5,10) 91
(5,10) (4,10) 30
(5,10) (6,10) 7
(6,10) (5,10) 78
(6,10) (7,10) 76
(7,10) (6,10) 4
(7,10) (8,10) 41
(8,10) (7,10) 28
(8,10) (9,10) 11
(9,10) (8,10) 94
(9,10) (10,10) 40
(10,10) (9,10) 68
(10,10) (11,10) 67
(11,10) (10,10) 57
(11,10) (12,10) 86
(12,10) (11,10) 67
(12,10) (13,10) 10
(13,10) (12,10) 19
(13,10) (14,10) 13
(14,10) (13,10) 14
(14,10) (15,10) 52
(15,10) (14,10) 81
(15,10) (16,10) 97
(16,10) (15,10) 47
(16,10) (17,10) 67
(17,10) (16,10) 58
(17,10) (18,10) 51
(18,10) (17,10) 45
(18,10) (19,10) 92
(19,10) (18,10) 24
(19,10) (20,10) 50
(20,10) (19,10) 11
(1,11) (2,11) 94
(2,11) (1,11) 76
(2,11) (3,11) 62
(3,11) (2,11) 32
(3,11) (4,11) 79
(4,11) (3,11) 94
(4,11) (5,11) 8
(5,11) (4,11) 33
(5,11) (6,11) 17
(6,11) (5,11) 83
(6,11) (7,11) 1
(7,11) (6,11) 20
(7,11) (8,11) 72
(8,11) (7,11) 44
(8,11) (9,11) 40
(9,11) (8,11) 54
(9,11) (10,11) 99
(10,11) (9,11) 20
(10,11) (11,11) 75
(11,11) (10,11) 59
(11,11) (12,11) 93
(12,11) (11,11) 25
(12,11) (13,11) 38
(13,11) (12,11) 61
(13,11) (14,11) 98
(14,11) (13,11) 24
(14,11) (15,11) 82
(15,11) (14,11) 19
(15,11) (16,11) 87
(16,11) (15,11) 35
(16,11) (17,11) 61
(17,11) (16,11) 17
(17,11) (18,11) 9
(18,11) (17,11) 41
(18,11) (19,11) 3
(19,11) (18,11) 70
(19,11) (20,11) 59
(20,11) (19,11) 97
(1,12) (2,12) 59
(2,12) (1,12) 54
(2,12) (3,12) 14
(3,12) (2,12) 7
(3,12) (4,12) 36
(4,12) (3,12) 98
(4,12) (5,12) 54
(5,12) (4,12) 29
(5,12) (6,12) 70
(6,12) (5,12) 16
(6,12) (7,12) 77
(7,12) (6,12) 17
(7,12) (8,12) 29
(8,12) (7,12) 8
(8,12) (9,12) 56
(9,12) (8,12) 85
(9,12) (10,12) 59
(10,12) (9,12) 85
(10,12) (11,12) 26
(11,12) (10,12) 47
(11,12) (12,12) 11
(12,12) (11,12) 17
(12,12) (13,12) 44
(13,12) (12,12) 7
(13,12) (14,12) 6
(14,12) (13,12) 9
(14,12) (15,12) 59
(15,12) (14,12) 72
(15,12) (16,12) 63
(16,12) (15,12) 85
(16,12) (17,12) 37
(17,12) (16,12) 26
(17,12) (18,12) 88
(18,12) (17,12) 37
(18,12) (19,12) 59
(19,12) (18,12) 7
(19,12) (20,12) 95
(20,12) (19,12) 21
(1,13) (2,13) 57
(2,13) (1,13) 31
(2,13) (3,13) 83
(3,13) (2,13) 39
(3,13) (4,13) 16
(4,13) (3,13) 23
(4,13) (5,13) 79
(5,13) (4,13) 94
(5,13) (6,13) 16
(6,13) (5,13) 71
(6,13) (7,13) 65
(7,13) (6,13) 18
(7,13) (8,13) 57
(8,13) (7,13) 16
(8,13) (9,13) 65
(9,13) (8,13) 31
(9,13) (10,13) 20
(10,13) (9,13) 98
(10,13) (11,13) 69
(11,13) (10,13) 83
(11,13) (12,13) 44
(12,13) (11,13) 85
(12,13) (13,13) 25
(13,13) (12,13) 37
(13,13) (14,13) 4
(14,13) (13,13) 87
(14,13) (15,13) 12
(15,13) (14,13) 80
(15,13) (16,13) 29
(16,13) (15,13) 42
(16,13) (17,13) 5
(17,13) (16,13) 94
(17,13) (18,13) 75
(18,13) (17,13) 96
(18,13) (19,13) 84
(19,13) (18,13) 6
(19,13) (20,13) 36
(20,13) (19,13) 89
(1,14) (2,14) 61
(2,14) (1,14) 56
(2,14) (3,14) 18
(3,14) (2,14) 4
(3,14) (4,14) 48
(4,14) (3,14) 84
(4,14) (5,14) 70
(5,14) (4,14) 22
(5,14) (6,14) 92
(6,14) (5,14) 36
(6,14) (7,14) 35
(7,14) (6,14) 88
(7,14) (8,14) 2
(8,14) (7,14) 72
(8,14) (9,14) 96
(9,14) (8,14) 45
(9,14) (10,14) 57
(10,14) (9,14) 61
(10,14) (11,14) 98
(11,14) (10,14) 25
(11,14) (12,14) 79
(12,14) (11,14) 30
(12,14) (13,14) 74
(13,14) (12,14) 80
(13,14) (14,14) 86
(14,14) (13,14) 20
(14,14) (15,14) 87
(15,14) (14,14) 78
(15,14) (16,14) 22
(16,14) (15,14) 40
(16,14) (17,14) 93
(17,14) (16,14) 47
(17,14) (18,14) 92
(18,14) (17,14) 12
(18,14) (19,14) 21
(19,14) (18,14) 68
(19,14) (20,14) 60
(20,14) (19,14) 63
(1,15) (2,15) 33
(2,15) (1,15) 10
(2,15) (3,15) 9
(3,15) (2,15) 37
(3,15) (4,15) 48
(4,15) (3,15) 63
(4,15) (5,15) 68
(5,15) (4,15) 50
(5,15) (6,15) 43
(6,15) (5,15) 35
(6,15) (7,15) 11
(7,15) (6,15) 78
(7,15) (8,15) 19
(8,15) (7,15) 72
(8,15) (9,15) 40
(9,15) (8,15) 47
(9,15) (10,15) 23
(10,15) (9,15) 62
(10,15) (11,15) 39
(11,15) (10,15) 65
(11,15) (12,15) 23
(12,15) (11,15) 30
(12,15) (13,15) 22
(13,15) (12,15) 16
(13,15) (14,15) 47
(14,15) (13,15) 54
(14,15) (15,15) 23
(15,15) (14,15) 7
(15,15) (16,15) 29
(16,15) (15,15) 51
(16,15) (17,15) 64
(17,15) (16,15) 63
(17,15) (18,15) 94
(18,15) (17,15) 51
(18,15) (19,15) 82
(19,15) (18,15) 86
(19,15) (20,15) 64
(20,15) (19,15) 82
(1,15) t 68
(2,15) t 59
(3,15) t 93
(4,15) t 72
(5,15) t 16
(6,15) t 80
(7,15) t 68
(8,15) t 95
(9,15) t 88
(10,15) t 64
(11,15) t 45
(12,15) t 20
(13,15) t 79
(14,15) t 82
(15,15) t 7
(16,15) t 16
(17,15) t 31
(18,15) t 71
(19,15) t 6
(20,15) t 26
