s (1,1) 48
s (2,1) 34
s (3,1) 31
s (4,1) 163
s (5,1) 173
s (6,1) 126
s (7,1) 35
s (8,1) 101
s (9,1) 12
s (10,1) 34
s (11,1) 91
s (12,1) 137
s (13,1) 81
s (14,1) 148
s (15,1) 164
s (16,1) 175
s (17,1) 152
s (18,1) 74
s (19,1) 28
s (20,1) 36
(1,1) (1,2) 127
(2,1) (2,2) 69
(3,1) (3,2) 172
(4,1) (4,2) 70
(5,1) (5,2) 44
(6,1) (6,2) 166
(7,1) (7,2) 82
(8,1) (8,2) 149
(9,1) (9,2) 37
(10,1) (10,2) 137
(11,1) (11,2) 6
(12,1) (12,2) 136
(13,1) (13,2) 1
(14,1) (14,2) 50
(15,1) (15,2) 139
(16,1) (16,2) 164
(17,1) (17,2) 131
(18,1) (18,2) 78
(19,1) (19,2) 30
(20,1) (20,2) 130
(1,2) (1,3) 30
(2,2) (2,3) 134
(3,2) (3,3) 153
(4,2) (4,3) 7
(5,2) (5,3) 47
(6,2) (6,3) 96
(7,2) (7,3) 61
(8,2) (8,3) 79
(9,2) (9,3) 89
(10,2) (10,3) 102
(11,2) (11,3) 35
(12,2) (12,3) 73
(13,2) (13,3) 73
(14,2) (14,3) 152
(15,2) (15,3) 163
(16,2) (16,3) 107
(17,2) (17,3) 111
(18,2) (18,3) 44
(19,2) (19,3) 162
(20,2) (20,3) 152
(1,3) (1,4) 150
(2,3) (2,4) 99
(3,3) (3,4) 93
(4,3) (4,4) 56
(5,3) (5,4) 11
(6,3) (6,4) 173
(7,3) (7,4) 151
(8,3) (8,4) 169
(9,3) (9,4) 97
(10,3) (10,4) 20
(11,3) (11,4) 7
(12,3) (12,4) 151
(13,3) (13,4) 44
(14,3) (14,4) 96
(15,3) (15,4) 167
(16,3) (16,4) 38
(17,3) (17,4) 88
(18,3) (18,4) 44
(19,3) (19,4) 91
(20,3) (20,4) 120
(1,4) (1,5) 32
(2,4) (2,5) 136
(3,4) (3,5) 170
(4,4) (4,5) 51
(5,4) (5,5) 49
(6,4) (6,5) 140
(7,4) (7,5) 144
(8,4) (8,5) 118
(9,4) (9,5) 157
(10,4) (10,5) 70
(11,4) (11,5) 98
(12,4) (12,5) 44
(13,4) (13,5) 83
(14,4) (14,5) 131
(15,4) (15,5) 172
(16,4) (16,5) 133
(17,4) (17,5) 155
(18,4) (18,5) 17
(19,4) (19,5) 98
(20,4) (20,5) 51
(1,5) (1,6) 71
(2,5) (2,6) 24
(3,5) (3,6) 2
(4,5) (4,6) 50
(5,5) (5,6) 160
(6,5) (6,6) 169
(7,5) (7,6) 30
(8,5) (8,6) 51
(9,5) (9,6) 170
(10,5) (10,6) 39
(11,5) (11,6) 86
(12,5) (12,6) 131
(13,5) (13,6) 152
(14,5) (14,6) 164
(15,5) (15,6) 143
(16,5) (16,6) 9
(17,5) (17,6) 91
(18,5) (18,6) 132
(19,5) (19,6) 51
(20,5) (20,6) 156
(1,6) (1,7) 162
(2,6) (2,7) 111
(3,6) (3,7) 162
(4,6) (4,7) 92
(5,6) (5,7) 89
(6,6) (6,7) 73
(7,6) (7,7) 68
(8,6) (8,7) 121
(9,6) (9,7) 78
(10,6) (10,7) 4
(11,6) (11,7) 119
(12,6) (12,7) 138
(13,6) (13,7) 131
(14,6) (14,7) 110
(15,6) (15,7) 120
(16,6) (16,7) 109
(17,6) (17,7) 35
(18,6) (18,7) 64
(19,6) (19,7) 13
(20,6) (20,7) 52
(1,7) (1,8) 106
(2,7) (2,8) 159
(3,7) (3,8) 175
(4,7) (4,8) 80
(5,7) (5,8) 157
(6,7) (6,8) 121
(7,7) (7,8) 26
(8,7) (8,8) 95
(9,7) (9,8) 49
(10,7) (10,8) 112
(11,7) (11,8) 112
(12,7) (12,8) 57
(13,7) (13,8) 155
(14,7) (14,8) 68
(15,7) (15,8) 117
(16,7) (16,8) 94
(17,7) (17,8) 116
(18,7) (18,8) 2
(19,7) (19,8) 86
(20,7) (20,8) 105
(1,8) (1,9) 36
(2,8) (2,9) 20
(3,8) (3,9) 102
(4,8) (4,9) 22
(5,8) (5,9) 119
(6,8) (6,9) 12
(7,8) (7,9) 123
(8,8) (8,9) 126
(9,8) (9,9) 144
(10,8) (10,9) 81
(11,8) (11,9) 132
(12,8) (12,9) 103
(13,8) (13,9) 128
(14,8) (14,9) 156
(15,8) (15,9) 125
(16,8) (16,9) 134
(17,8) (17,9) 53
(18,8) (18,9) 137
(19,8) (19,9) 70
(20,8) (20,9) 110
(1,9) (1,10) 17
(2,9) (2,10) 124
(3,9) (3,10) 87
(4,9) (4,10) 115
(5,9) (5,10) 50
(6,9) (6,10) 12
(7,9) (7,10) 110
(8,9) (8,10) 79
(9,9) (9,10) 16
(10,9) (10,10) 105
(11,9) (11,10) 160
(12,9) (12,10) 156
(13,9) (13,10) 173
(14,9) (14,10) 36
(15,9) (15,10) 144
(16,9) (16,10) 126
(17,9) (17,10) 25
(18,9) (18,10) 127
(19,9) (19,10) 151
(20,9) (20,10) 33
(1,10) (1,11) 52
(2,10) (2,11) 15
(3,10) (3,11) 130
(4,10) (4,11) 133
(5,10) (5,11) 122
(6,10) (6,11) 113
(7,10) (7,11) 124
(8,10) (8,11) 46
(9,10) (9,11) 6
(10,10) (10,11) 102
(11,10) (11,11) 161
(12,10) (12,11) 28
(13,10) (13,11) 165
(14,10) (14,11) 42
(15,10) (15,11) 83
(16,10) (16,11) 16
(17,10) (17,11) 109
(18,10) (18,11) 23
(19,10) (19,11) 83
(20,10) (20,11) 2
(1,11) (1,12) 129
(2,11) (2,12) 37
(3,11) (3,12) 153
(4,11) (4,12) 39
(5,11) (5,12) 81
(6,11) (6,12) 145
(7,11) (7,12) 69
(8,11) (8,12) 120
(9,11) (9,12) 6
(10,11) (10,12) 87
(11,11) (11,12) 175
(12,11) (12,12) 114
(13,11) (13,12) 90
(14,11) (14,12) 84
(15,11) (15,12) 22
(16,11) (16,12) 92
(17,11) (17,12) 163
(18,11) (18,12) 85
(19,11) (19,12) 129
(20,11) (20,12) 146
(1,12) (1,13) 9
(2,12) (2,13) 41
(3,12) (3,13) 111
(4,12) (4,13) 83
(5,12) (5,13) 145
(6,12) (6,13) 37
(7,12) (7,13) 158
(8,12) (8,13) 139
(9,12) (9,13) 19
(10,12) (10,13) 102
(11,12) (11,13) 56
(12,12) (12,13) 25
(13,12) (13,13) 118
(14,12) (14,13) 14
(15,12) (15,13) 23
(16,12) (16,13) 143
(17,12) (17,13) 66
(18,12) (18,13) 40
(19,12) (19,13) 166
(20,12) (20,13) 173
(1,13) (1,14) 57
(2,13) (2,14) 20
(3,13) (3,14) 127
(4,13) (4,14) 5
(5,13) (5,14) 63
(6,13) (6,14) 4
(7,13) (7,14) 123
(8,13) (8,14) 151
(9,13) (9,14) 36
(10,13) (10,14) 72
(11,13) (11,14) 171
(12,13) (12,14) 98
(13,13) (13,14) 137
(14,13) (14,14) 17
(15,13) (15,14) 163
(16,13) (16,14) 78
(17,13) (17,14) 115
(18,13) (18,14) 21
(19,13) (19,14) 83
(20,13) (20,14) 48
(1,14) (1,15) 28
(2,14) (2,15) 6
(3,14) (3,15) 24
(4,14) (4,15) 138
(5,14) (5,15) 7
(6,14) (6,15) 20
(7,14) (7,15) 62
(8,14) (8,15) 91
(9,14) (9,15) 155
(10,14) (10,15) 119
(11,14) (11,15) 174
(12,14) (12,15) 39
(13,14) (13,15) 63
(14,14) (14,15) 111
(15,14) (15,15) 75
(16,14) (16,15) 126
(17,14) (17,15) 81
(18,14) (18,15) 22
(19,14) (19,15) 60
(20,14) (20,15) 171
(1,1) (2,1) 89
(2,1) (1,1) 142
(2,1) (3,1) 152
(3,1) (2,1) 86
(3,1) (4,1) 137
(4,1) (3,1) 108
(4,1) (5,1) 56
(5,1) (4,1) 71
(5,1) (6,1) 20
(6,1) (5,1) 157
(6,1) (7,1) 158
(7,1) (6,1) 9
(7,1) (8,1) 68
(8,1) (7,1) 17
(8,1) (9,1) 128
(9,1) (8,1) 75
(9,1) (10,1) 160
(10,1) (9,1) 72
(10,1) (11,1) 123
(11,1) (10,1) 65
(11,1) (12,1) 86
(12,1) (11,1) 24
(12,1) (13,1) 53
(13,1) (12,1) 165
(13,1) (14,1) 37
(14,1) (13,1) 61
(14,1) (15,1) 130
(15,1) (14,1) 162
(15,1) (16,1) 90
(16,1) (15,1) 90
(16,1) (17,1) 145
(17,1) (16,1) 121
(17,1) (18,1) 54
(18,1) (17,1) 93
(18,1) (19,1) 10
(19,1) (18,1) 171
(19,1) (20,1) 155
(20,1) (19,1) 151
(1,2) (2,2) 110
(2,2) (1,2) 150
(2,2) (3,2) 16
(3,2) (2,2) 28
(3,2) (4,2) 35
(4,2) (3,2) 30
(4,2) (5,2) 100
(5,2) (4,2) 119
(5,2) (6,2) 7
(6,2) (5,2) 72
(6,2) (7,2) 69
(7,2) (6,2) 168
(7,2) (8,2) 112
(8,2) (7,2) 101
(8,2) (9,2) 106
(9,2) (8,2) 128
(9,2) (10,2) 122
(10,2) (9,2) 154
(10,2) (11,2) 164
(11,2) (10,2) 24
(11,2) (12,2) 3
(12,2) (11,2) 65
(12,2) (13,2) 48
(13,2) (12,2) 72
(13,2) (14,2) 20
(14,2) (13,2) 106
(14,2) (15,2) 148
(15,2) (14,2) 53
(15,2) (16,2) 112
(16,2) (15,2) 175
(16,2) (17,2) 46
(17,2) (16,2) 61
(17,2) (18,2) 110
(18,2) (17,2) 70
(18,2) (19,2) 119
(19,2) (18,2) 88
(19,2) (20,2) 56
(20,2) (19,2) 70
(1,3) (2,3) 98
(2,3) (1,3) 146
(2,3) (3,3) 169
(3,3) (2,3) 110
(3,3) (4,3) 34
(4,3) (3,3) 83
(4,3) (5,3) 81
(5,3) (4,3) 3
(5,3) (6,3) 164
(6,3) (5,3) 96
(6,3) (7,3) 114
(7,3) (6,3) 171
(7,3) (8,3) 64
(8,3) (7,3) 143
(8,3) (9,3) 140
(9,3) (8,3) 24
(9,3) (10,3) 158
(10,3) (9,3) 114
(10,3) (11,3) 7
(11,3) (10,3) 77
(11,3) (12,3) 125
(12,3) (11,3) 85
(12,3) (13,3) 122
(13,3) (12,3) 126
(13,3) (14,3) 126
(14,3) (13,3) 157
(14,3) (15,3) 174
(15,3) (14,3) 115
(15,3) (16,3) 15
(16,3) (15,3) 174
(16,3) (17,3) 151
(17,3) (16,3) 87
(17,3) (18,3) 160
(18,3) (17,3) 38
(18,3) (19,3) 102
(19,3) (18,3) 50
(19,3) (20,3) 120
(20,3) (19,3) 136
(1,4) (2,4) 34
(2,4) (1,4) 74
(2,4) (3,4) 4
(3,4) (2,4) 123
(3,4) (4,4) 99
(4,4) (3,4) 90
(4,4) (5,4) 68
(5,4) (4,4) 164
(5,4) (6,4) 163
(6,4) (5,4) 83
(6,4) (7,4) 34
(7,4) (6,4) 154
(7,4) (8,4) 159
(8,4) (7,4) 36
(8,4) (9,4) 87
(9,4) (8,4) 118
(9,4) (10,4) 129
(10,4) (9,4) 65
(10,4) (11,4) 143
(11,4) (10,4) 60
(11,4) (12,4) 23
(12,4) (11,4) 50
(12,4) (13,4) 85
(13,4) (12,4) 29
(13,4) (14,4) 53
(14,4) (13,4) 101
(14,4) (15,4) 47
(15,4) (14,4) 118
(15,4) (16,4) 44
(16,4) (15,4) 86
(16,4) (17,4) 11
(17,4) (16,4) 10
(17,4) (18,4) 66
(18,4) (17,4) 67
(18,4) (19,4) 80
(19,4) (18,4) 33
(19,4) (20,4) 70
(20,4) (19,4) 129
(1,5) (2,5) 87
(2,5) (1,5) 174
(2,5) (3,5) 87
(3,5) (2,5) 85
(3,5) (4,5) 116
(4,5) (3,5) 88
(4,5) (5,5) 12
(5,5) (4,5) 88
(5,5) (6,5) 116
(6,5) (5,5) 116
(6,5) (7,5) 1
(7,5) (6,5) 146
(7,5) (8,5) 174
(8,5) (7,5) 122
(8,5) (9,5) 83
(9,5) (8,5) 70
(9,5) (10,5) 53
(10,5) (9,5) 173
(10,5) (11,5) 16
(11,5) (10,5) 150
(11,5) (12,5) 68
(12,5) (11,5) 120
(12,5) (13,5) 152
(13,5) (12,5) 46
(13,5) (14,5) 52
(14,5) (13,5) 159
(14,5) (15,5) 99
(15,5) (14,5) 12
(15,5) (16,5) 138
(16,5) (15,5) 88
(16,5) (17,5) 30
(17,5) (16,5) 115
(17,5) (18,5) 32
(18,5) (17,5) 53
(18,5) (19,5) 90
(19,5) (18,5) 25
(19,5) (20,5) 70
(20,5) (19,5) 57
(1,6) (2,6) 91
(2,6) (1,6) 4
(2,6) (3,6) 141
(3,6) (2,6) 154
(3,6) (4,6) 174
(4,6) (3,6) 135
(4,6) (5,6) 72
(5,6) (4,6) 155
(5,6) (6,6) 165
(6,6) (5,6) 103
(6,6) (7,6) 1
(7,6) (6,6) 23
(7,6) (8,6) 147
(8,6) (7,6) 169
(8,6) (9,6) 128
(9,6) (8,6) 140
(9,6) (10,6) 96
(10,6) (9,6) 139
(10,6) (11,6) 14
(11,6) (10,6) 159
(11,6) (12,6) 94
(12,6) (11,6) 169
(12,6) (13,6) 116
(13,6) (12,6) 119
(13,6) (14,6) 8
(14,6) (13,6) 149
(14,6) (15,6) 154
(15,6) (14,6) 64
(15,6) (16,6) 140
(16,6) (15,6) 89
(16,6) (17,6) 8
(17,6) (16,6) 68
(17,6) (18,6) 92
(18,6) (17,6) 163
(18,6) (19,6) 35
(19,6) (18,6) 46
(19,6) (20,6) 18
(20,6) (19,6) 73
(1,7) (2,7) 107
(2,7) (1,7) 112
(2,7) (3,7) 142
(3,7) (2,7) 133
(3,7) (4,7) 117
(4,7) (3,7) 64
(4,7) (5,7) 34
(5,7) (4,7) 6
(5,7) (6,7) 144
(6,7) (5,7) 14
(6,7) (7,7) 137
(7,7) (6,7) 136
(7,7) (8,7) 133
(8,7) (7,7) 60
(8,7) (9,7) 160
(9,7) (8,7) 127
(9,7) (10,7) 19
(10,7) (9,7) 114
(10,7) (11,7) 151
(11,7) (10,7) 132
(11,7) (12,7) 42
(12,7) (11,7) 69
(12,7) (13,7) 132
(13,7) (12,7) 1
(13,7) (14,7) 130
(14,7) (13,7) 17
(14,7) (15,7) 89
(15,7) (14,7) 112
(15,7) (16,7) 86
(16,7) (15,7) 31
(16,7) (17,7) 79
(17,7) (16,7) 80
(17,7) (18,7) 56
(18,7) (17,7) 167
(18,7) (19,7) 24
(19,7) (18,7) 29
(19,7) (20,7) 147
(20,7) (19,7) 99
(1,8) (2,8) 13
(2,8) (1,8) 23
(2,8) (3,8) 61
(3,8) (2,8) 169
(3,8) (4,8) 29
(4,8) (3,8) 89
(4,8) (5,8) 39
(5,8) (4,8) 77
(5,8) (6,8) 135
(6,8) (5,8) 36
(6,8) (7,8) 132
(7,8) (6,8) 123
(7,8) (8,8) 120
(8,8) (7,8) 56
(8,8) (9,8) 156
(9,8) (8,8) 132
(9,8) (10,8) 140
(10,8) (9,8) 124
(10,8) (11,8) 105
(11,8) (10,8) 142
(11,8) (12,8) 52
(12,8) (11,8) 174
(12,8) (13,8) 62
(13,8) (12,8) 58
(13,8) (14,8) 69
(14,8) (13,8) 163
(14,8) (15,8) 99
(15,8) (14,8) 99
(15,8) (16,8) 109
(16,8) (15,8) 76
(16,8) (17,8) 17
(17,8) (16,8) 127
(17,8) (18,8) 152
(18,8) (17,8) 126
(18,8) (19,8) 126
(19,8) (18,8) 67
(19,8) (20,8) 108
(20,8) (19,8) 55
(1,9) (2,9) 133
(2,9) (1,9) 4
(2,9) (3,9) 133
(3,9) (2,9) 151
(3,9) (4,9) 75
(4,9) (3,9) 127
(4,9) (5,9) 155
(5,9) (4,9) 164
(5,9) (6,9) 140
(6,9) (5,9) 107
(6,9) (7,9) 60
(7,9) (6,9) 156
(7,9) (8,9) 33
(8,9) (7,9) 49
(8,9) (9,9) 50
(9,9) (8,9) 152
(9,9) (10,9) 88
(10,9) (9,9) 9
(10,9) (11,9) 27
(11,9) (10,9) 12
(11,9) (12,9) 155
(12,9) (11,9) 83
(12,9) (13,9) 90
(13,9) (12,9) 109
(13,9) (14,9) 159
(14,9) (13,9) 31
(14,9) (15,9) 41
(15,9) (14,9) 85
(15,9) (16,9) 1
(16,9) (15,9) 148
(16,9) (17,9) 21
(17,9) (16,9) 4
(17,9) (18,9) 137
(18,9) (17,9) 162
(18,9) (19,9) 120
(19,9) (18,9) 174
(19,9) (20,9) 158
(20,9) (19,9) 77
(1,10) (2,10) 118
(2,10) (1,10) 69
(2,10) (3,10) 25
(3,10) (2,10) 56
(3,10) (4,10) 118
(4,10) (3,10) 62
(4,10) (5,10) 147
(5,10) (4,10) 131
(5,10) (6,10) 46
(6,10) (5,10) 4
(6,10) (7,10) 29
(7,10) (6,10) 64
(7,10) (8,10) 57
(8,10) (7,10) 85
(8,10) (9,10) 163
(9,10) (8,10) 71
(9,10) (10,10) 99
(10,10) (9,10) 35
(10,10) (11,10) 23
(11,10) (10,10) 16
(11,10) (12,10) 162
(12,10) (11,10) 1
(12,10) (13,10) 69
(13,10) (12,10) 136
(13,10) (14,10) 136
(14,10) (13,10) 95
(14,10) (15,10) 77
(15,10) (14,10) 95
(15,10) (16,10) 10
(16,10) (15,10) 114
(16,10) (17,10) 91
(17,10) (16,10) 30
(17,10) (18,10) 62
(18,10) (17,10) 105
(18,10) (19,10) 146
(19,10) (18,10) 168
(19,10) (20,10) 70
(20,10) (19,10) 1
(1,11) (2,11) 134
(2,11) (1,11) 100
(2,11) (3,11) 91
(3,11) (2,11) 105
(3,11) (4,11) 96
(4,11) (3,11) 125
(4,11) (5,11) 68
(5,11) (4,11) 102
(5,11) (6,11) 129
(6,11) (5,11) 162
(6,11) (7,11) 67
(7,11) (6,11) 104
(7,11) (8,11) 92
(8,11) (7,11) 50
(8,11) (9,11) 73
(9,11) (8,11) 83
(9,11) (10,11) 82
(10,11) (9,11) 25
(10,11) (11,11) 81
(11,11) (10,11) 114
(11,11) (12,11) 33
(12,11) (11,11) 62
(12,11) (13,11) 152
(13,11) (12,11) 10
(13,11) (14,11) 99
(14,11) (13,11) 128
(14,11) (15,11) 169
(15,11) (14,11) 39
(15,11) (16,11) 48
(16,11) (15,11) 30
(16,11) (17,11) 86
(17,11) (16,11) 45
(17,11) (18,11) 65
(18,11) (17,11) 55
(18,11) (19,11) 19
(19,11) (18,11) 147
(19,11) (20,11) 44
(20,11) (19,11) 92
(1,12) (2,12) 72
(2,12) (1,12) 39
(2,12) (3,12) 104
(3,12) (2,12) 12
(3,12) (4,12) 21
(4,12) (3,12) 156
(4,12) (5,12) 126
(5,12) (4,12) 41
(5,12) (6,12) 161
(6,12) (5,12) 60
(6,12) (7,12) 58
(7,12) (6,12) 49
(7,12) (8,12) 65
(8,12) (7,12) 12
(8,12) (9,12) 61
(9,12) (8,12) 24
(9,12) (10,12) 3
(10,12) (9,12) 35
(10,12) (11,12) 42
(11,12) (10,12) 107
(11,12) (12,12) 22
(12,12) (11,12) 19
(12,12) (13,12) 140
(13,12) (12,12) 37
(13,12) (14,12) 97
(14,12) (13,12) 11
(14,12) (15,12) 105
(15,12) (14,12) 104
(15,12) (16,12) 5
(16,12) (15,12) 56
(16,12) (17,12) 13
(17,12) (16,12) 13
(17,12) (18,12) 115
(18,12) (17,12) 27
(18,12) (19,12) 109
(19,12) (18,12) 109
(19,12) (20,12) 60
(20,12) (19,12) 91
(1,13) (2,13) 94
(2,13) (1,13) 122
(2,13) (3,13) 140
(3,13) (2,13) 18
(3,13) (4,13) 31
(4,13) (3,13) 140
(4,13) (5,13) 78
(5,13) (4,13) 98
(5,13) (6,13) 23
(6,13) (5,13) 77
(6,13) (7,13) 24
(7,13) (6,13) 6
(7,13) (8,13) 13
(8,13) (7,13) 127
(8,13) (9,13) 51
(9,13) (8,13) 155
(9,13) (10,13) 13
(10,13) (9,13) 77
(10,13) (11,13) 65
(11,13) (10,13) 140
(11,13) (12,13) 111
(12,13) (11,13) 45
(12,13) (13,13) 141
(13,13) (12,13) 132
(13,13) (14,13) 21
(14,13) (13,13) 137
(14,13) (15,13) 126
(15,13) (14,13) 26
(15,13) (16,13) 22
(16,13) (15,13) 66
(16,13) (17,13) 159
(17,13) (16,13) 102
(17,13) (18,13) 24
(18,13) (17,13) 125
(18,13) (19,13) 50
(19,13) (18,13) 28
(19,13) (20,13) 88
(20,13) (19,13) 134
(1,14) (2,14) 114
(2,14) (1,14) 88
(2,14) (3,14) 41
(3,14) (2,14) 65
(3,14) (4,14) 150
(4,14) (3,14) 49
(4,14) (5,14) 10
(5,14) (4,14) 69
(5,14) (6,14) 134
(6,14) (5,14) 157
(6,14) (7,14) 7
(7,14) (6,14) 37
(7,14) (8,14) 144
(8,14) (7,14) 112
(8,14) (9,14) 127
(9,14) (8,14) 106
(9,14) (10,14) 128
(10,14) (9,14) 167
(10,14) (11,14) 96
(11,14) (10,14) 159
(11,14) (12,14) 43
(12,14) (11,14) 117
(12,14) (13,14) 145
(13,14) (12,14) 9
(13,14) (14,14) 48
(14,14) (13,14) 13
(14,14) (15,14) 95
(15,14) (14,14) 102
(15,14) (16,14) 68
(16,14) (15,14) 30
(16,14) (17,14) 175
(17,14) (16,14) 41
(17,14) (18,14) 32
(18,14) (17,14) 121
(18,14) (19,14) 136
(19,14) (18,14) 96
(19,14) (20,14) 42
(20,14) (19,14) 48
(1,15) (2,15) 41
(2,15) (1,15) 152
(2,15) (3,15) 54
(3,15) (2,15) 163
(3,15) (4,15) 60
(4,15) (3,15) 85
(4,15) (5,15) 18
(5,15) (4,15) 142
(5,15) (6,15) 31
(6,15) (5,15) 20
(6,15) (7,15) 49
(7,15) (6,15) 144
(7,15) (8,15) 27
(8,15) (7,15) 68
(8,15) (9,15) 170
(9,15) (8,15) 58
(9,15) (10,15) 98
(10,15) (9,15) 110
(10,15) (11,15) 51
(11,15) (10,15) 94
(11,15) (12,15) 132
(12,15) (11,15) 16
(12,15) (13,15) 168
(13,15) (12,15) 27
(13,15) (14,15) 139
(14,15) (13,15) 132
(14,15) (15,15) 80
(15,15) (14,15) 139
(15,15) (16,15) 109
(16,15) (15,15) 3
(16,15) (17,15) 80
(17,15) (16,15) 97
(17,15) (18,15) 26
(18,15) (17,15) 101
(18,15) (19,15) 18
(19,15) (18,15) 71
(19,15) (20,15) 43
(20,15) (19,15) 88
(1,15) t 143
(2,15) t 66
(3,15) t 153
(4,15) t 76
(5,15) t 48
(6,15) t 34
(7,15) t 94
(8,15) t 168
(9,15) t 108
(10,15) t 152
(11,15) t 56
(12,15) t 38
(13,15) t 80
(14,15) t 49
(15,15) t 23
(16,15) t 42
(17,15) t 71
(18,15) t 84
(19,15) t 4
(20,15) t 58
