s (1,1) 3
s (2,1) 2
s (3,1) 8
s (4,1) 7
s (5,1) 8
s (6,1) 6
s (7,1) 2
s (8,1) 5
s (9,1) 9
s (10,1) 2
s (11,1) 10
s (12,1) 10
s (13,1) 4
s (14,1) 6
s (15,1) 1
s (16,1) 3
s (17,1) 3
s (18,1) 1
s (19,1) 9
s (20,1) 4
s (21,1) 7
s (22,1) 8
s (23,1) 3
s (24,1) 1
s (25,1) 2
s (26,1) 1
s (27,1) 9
s (28,1) 10
s (29,1) 4
s (30,1) 3
(1,1) (1,2) 10
(2,1) (2,2) 6
(3,1) (3,2) 5
(4,1) (4,2) 3
(5,1) (5,2) 10
(6,1) (6,2) 2
(7,1) (7,2) 3
(8,1) (8,2) 10
(9,1) (9,2) 2
(10,1) (10,2) 10
(11,1) (11,2) 10
(12,1) (12,2) 8
(13,1) (13,2) 9
(14,1) (14,2) 2
(15,1) (15,2) 5
(16,1) (16,2) 8
(17,1) (17,2) 1
(18,1) (18,2) 9
(19,1) (19,2) 7
(20,1) (20,2) 6
(21,1) (21,2) 7
(22,1) (22,2) 8
(23,1) (23,2) 5
(24,1) (24,2) 1
(25,1) (25,2) 1
(26,1) (26,2) 5
(27,1) (27,2) 9
(28,1) (28,2) 10
(29,1) (29,2) 8
(30,1) (30,2) 2
(1,2) (1,3) 8
(2,2) (2,3) 3
(3,2) (3,3) 9
(4,2) (4,3) 8
(5,2) (5,3) 2
(6,2) (6,3) 4
(7,2) (7,3) 2
(8,2) (8,3) 3
(9,2) (9,3) 2
(10,2) (10,3) 4
(11,2) (11,3) 1
(12,2) (12,3) 3
(13,2) (13,3) 8
(14,2) (14,3) 8
(15,2) (15,3) 10
(16,2) (16,3) 2
(17,2) (17,3) 2
(18,2) (18,3) 2
(19,2) (19,3) 7
(20,2) (20,3) 5
(21,2) (21,3) 10
(22,2) (22,3) 8
(23,2) (23,3) 4
(24,2) (24,3) 7
(25,2) (25,3) 3
(26,2) (26,3) 3
(27,2) (27,3) 7
(28,2) (28,3) 7
(29,2) (29,3) 2
(30,2) (30,3) 10
(1,3) (1,4) 1
(2,3) (2,4) 5
(3,3) (3,4) 2
(4,3) (4,4) 7
(5,3) (5,4) 2
(6,3) (6,4) 1
(7,3) (7,4) 7
(8,3) (8,4) 1
(9,3) (9,4) 6
(10,3) (10,4) 10
(11,3) (11,4) 9
(12,3) (12,4) 4
(13,3) (13,4) 4
(14,3) (14,4) 5
(15,3) (15,4) 8
(16,3) (16,4) 10
(17,3) (17,4) 5
(18,3) (18,4) 4
(19,3) (19,4) 10
(20,3) (20,4) 8
(21,3) (21,4) 7
(22,3) (22,4) 1
(23,3) (23,4) 1
(24,3) (24,4) 9
(25,3) (25,4) 9
(26,3) (26,4) 4
(27,3) (27,4) 5
(28,3) (28,4) 1
(29,3) (29,4) 4
(30,3) (30,4) 2
(1,4) (1,5) 9
(2,4) (2,5) 10
(3,4) (3,5) 8
(4,4) (4,5) 6
(5,4) (5,5) 2
(6,4) (6,5) 2
(7,4) (7,5) 3
(8,4) (8,5) 2
(9,4) (9,5) 3
(10,4) (10,5) 6
(11,4) (11,5) 9
(12,4) (12,5) 2
(13,4) (13,5) 10
(14,4) (14,5) 3
(15,4) (15,5) 5
(16,4) (16,5) 4
(17,4) (17,5) 8
(18,4) (18,5) 4
(19,4) (19,5) 5
(20,4) (20,5) 10
(21,4) (21,5) 9
(22,4) (22,5) 9
(23,4) (23,5) 6
(24,4) (24,5) 4
(25,4) (25,5) 6
(26,4) (26,5) 10
(27,4) (27,5) 10
(28,4) (28,5) 5
(29,4) (29,5) 5
(30,4) (30,5) 6
(1,5) (1,6) 5
(2,5) (2,6) 9
(3,5) (3,6) 9
(4,5) (4,6) 10
(5,5) (5,6) 4
(6,5) (6,6) 4
(7,5) (7,6) 6
(8,5) (8,6) 4
(9,5) (9,6) 7
(10,5) (10,6) 5
(11,5) (11,6) 9
(12,5) (12,6) 1
(13,5) (13,6) 6
(14,5) (14,6) 7
(15,5) (15,6) 5
(16,5) (16,6) 3
(17,5) (17,6) 1
(18,5) (18,6) 1
(19,5) (19,6) 1
(20,5) (20,6) 8
(21,5) (21,6) 4
(22,5) (22,6) 8
(23,5) (23,6) 7
(24,5) (24,6) 6
(25,5) (25,6) 6
(26,5) (26,6) 7
(27,5) (27,6) 1
(28,5) (28,6) 2
(29,5) (29,6) 9
(30,5) (30,6) 4
(1,6) (1,7) 5
(2,6) (2,7) 3
(3,6) (3,7) 2
(4,6) (4,7) 7
(5,6) (5,7) 10
(6,6) (6,7) 8
(7,6) (7,7) 1
(8,6) (8,7) 4
(9,6) (9,7) 10
(10,6) (10,7) 2
(11,6) (11,7) 9
(12,6) (12,7) 7
(13,6) (13,7) 4
(14,6) (14,7) 4
(15,6) (15,7) 10
(16,6) (16,7) 7
(17,6) (17,7) 2
(18,6) (18,7) 4
(19,6) (19,7) 3
(20,6) (20,7) 9
(21,6) (21,7) 4
(22,6) (22,7) 2
(23,6) (23,7) 6
(24,6) (24,7) 8
(25,6) (25,7) 4
(26,6) (26,7) 3
(27,6) (27,7) 4
(28,6) (28,7) 8
(29,6) (29,7) 1
(30,6) (30,7) 7
(1,7) (1,8) 3
(2,7) (2,8) 5
(3,7) (3,8) 1
(4,7) (4,8) 9
(5,7) (5,8) 6
(6,7) (6,8) 10
(7,7) (7,8) 7
(8,7) (8,8) 3
(9,7) (9,8) 4
(10,7) (10,8) 6
(11,7) (11,8) 4
(12,7) (12,8) 7
(13,7) (13,8) 5
(14,7) (14,8) 6
(15,7) (15,8) 2
(16,7) (16,8) 8
(17,7) (17,8) 6
(18,7) (18,8) 9
(19,7) (19,8) 1
(20,7) (20,8) 5
(21,7) (21,8) 3
(22,7) (22,8) 7
(23,7) (23,8) 4
(24,7) (24,8) 7
(25,7) (25,8) 8
(26,7) (26,8) 1
(27,7) (27,8) 9
(28,7) (28,8) 6
(29,7) (29,8) 6
(30,7) (30,8) 8
(1,8) (1,9) 10
(2,8) (2,9) 6
(3,8) (3,9) 8
(4,8) (4,9) 5
(5,8) (5,9) 1
(6,8) (6,9) 3
(7,8) (7,9) 1
(8,8) (8,9) 9
(9,8) (9,9) 4
(10,8) (10,9) 5
(11,8) (11,9) 9
(12,8) (12,9) 4
(13,8) (13,9) 6
(14,8) (14,9) 8
(15,8) (15,9) 10
(16,8) (16,9) 3
(17,8) (17,9) 4
(18,8) (18,9) 7
(19,8) (19,9) 1
(20,8) (20,9) 9
(21,8) (21,9) 10
(22,8) (22,9) 9
(23,8) (23,9) 9
(24,8) (24,9) 3
(25,8) (25,9) 2
(26,8) (26,9) 3
(27,8) (27,9) 8
(28,8) (28,9) 6
(29,8) (29,9) 7
(30,8) (30,9) 10
(1,9) (1,10) 1
(2,9) (2,10) 6
(3,9) (3,10) 4
(4,9) (4,10) 7
(5,9) (5,10) 8
(6,9) (6,10) 4
(7,9) (7,10) 3
(8,9) (8,10) 7
(9,9) (9,10) 3
(10,9) (10,10) 7
(11,9) (11,10) 10
(12,9) (12,10) 8
(13,9) (13,10) 10
(14,9) (14,10) 10
(15,9) (15,10) 2
(16,9) (16,10) 8
(17,9) (17,10) 2
(18,9) (18,10) 5
(19,9) (19,10) 8
(20,9) (20,10) 1
(21,9) (21,10) 6
(22,9) (22,10) 9
(23,9) (23,10) 9
(24,9) (24,10) 8
(25,9) (25,10) 2
(26,9) (26,10) 3
(27,9) (27,10) 7
(28,9) (28,10) 6
(29,9) (29,10) 2
(30,9) (30,10) 1
(1,10) (1,11) 6
(2,10) (2,11) 7
(3,10) (3,11) 4
(4,10) (4,11) 2
(5,10) (5,11) 1
(6,10) (6,11) 2
(7,10) (7,11) 3
(8,10) (8,11) 2
(9,10) (9,11) 1
(10,10) (10,11) 10
(11,10) (11,11) 10
(12,10) (12,11) 2
(13,10) (13,11) 5
(14,10) (14,11) 4
(15,10) (15,11) 6
(16,10) (16,11) 9
(17,10) (17,11) 2
(18,10) (18,11) 7
(19,10) (19,11) 7
(20,10) (20,11) 6
(21,10) (21,11) 5
(22,10) (22,11) 7
(23,10) (23,11) 4
(24,10) (24,11) 8
(25,10) (25,11) 1
(26,10) (26,11) 4
(27,10) (27,11) 9
(28,10) (28,11) 5
(29,10) (29,11) 2
(30,10) (30,11) 4
(1,11) (1,12) 7
(2,11) (2,12) 7
(3,11) (3,12) 10
(4,11) (4,12) 3
(5,11) (5,12) 5
(6,11) (6,12) 3
(7,11) (7,12) 5
(8,11) (8,12) 2
(9,11) (9,12) 3
(10,11) (10,12) 2
(11,11) (11,12) 5
(12,11) (12,12) 5
(13,11) (13,12) 2
(14,11) (14,12) 6
(15,11) (15,12) 8
(16,11) (16,12) 3
(17,11) (17,12) 2
(18,11) (18,12) 10
(19,11) (19,12) 6
(20,11) (20,12) 2
(21,11) (21,12) 10
(22,11) (22,12) 10
(23,11) (23,12) 7
(24,11) (24,12) 9
(25,11) (25,12) 4
(26,11) (26,12) 6
(27,11) (27,12) 9
(28,11) (28,12) 4
(29,11) (29,12) 2
(30,11) (30,12) 2
(1,12) (1,13) 2
(2,12) (2,13) 5
(3,12) (3,13) 8
(4,12) (4,13) 3
(5,12) (5,13) 2
(6,12) (6,13) 2
(7,12) (7,13) 3
(8,12) (8,13) 6
(9,12) (9,13) 1
(10,12) (10,13) 5
(11,12) (11,13) 2
(12,12) (12,13) 4
(13,12) (13,13) 6
(14,12) (14,13) 8
(15,12) (15,13) 9
(16,12) (16,13) 10
(17,12) (17,13) 3
(18,12) (18,13) 9
(19,12) (19,13) 2
(20,12) (20,13) 4
(21,12) (21,13) 8
(22,12) (22,13) 8
(23,12) (23,13) 2
(24,12) (24,13) 9
(25,12) (25,13) 7
(26,12) (26,13) 1
(27,12) (27,13) 6
(28,12) (28,13) 3
(29,12) (29,13) 7
(30,12) (30,13) 4
(1,13) (1,14) 8
(2,13) (2,14) 8
(3,13) (3,14) 6
(4,13) (4,14) 9
(5,13) (5,14) 2
(6,13) (6,14) 4
(7,13) (7,14) 5
(8,13) (8,14) 9
(9,13) (9,14) 4
(10,13) (10,14) 7
(11,13) (11,14) 7
(12,13) (12,14) 1
(13,13) (13,14) 10
(14,13) (14,14) 3
(15,13) (15,14) 4
(16,13) (16,14) 6
(17,13) (17,14) 7
(18,13) (18,14) 4
(19,13) (19,14) 5
(20,13) (20,14) 5
(21,13) (21,14) 6
(22,13) (22,14) 7
(23,13) (23,14) 6
(24,13) (24,14) 8
(25,13) (25,14) 8
(26,13) (26,14) 5
(27,13) (27,14) 8
(28,13) (28,14) 3
(29,13) (29,14) 5
(30,13) (30,14) 8
(1,14) (1,15) 4
(2,14) (2,15) 10
(3,14) (3,15) 6
(4,14) (4,15) 9
(5,14) (5,15) 6
(6,14) (6,15) 1
(7,14) (7,15) 8
(8,14) (8,15) 8
(9,14) (9,15) 3
(10,14) (10,15) 4
(11,14) (11,15) 2
(12,14) (12,15) 9
(13,14) (13,15) 3
(14,14) (14,15) 8
(15,14) (15,15) 1
(16,14) (16,15) 5
(17,14) (17,15) 4
(18,14) (18,15) 3
(19,14) (19,15) 6
(20,14) (20,15) 8
(21,14) (21,15) 1
(22,14) (22,15) 5
(23,14) (23,15) 5
(24,14) (24,15) 7
(25,14) (25,15) 6
(26,14) (26,15) 1
(27,14) (27,15) 4
(28,14) (28,15) 4
(29,14) (29,15) 7
(30,14) (30,15) 9
(1,15) (1,16) 1
(2,15) (2,16) 9
(3,15) (3,16) 8
(4,15) (4,16) 5
(5,15) (5,16) 2
(6,15) (6,16) 10
(7,15) (7,16) 5
(8,15) (8,16) 7
(9,15) (9,16) 10
(10,15) (10,16) 9
(11,15) (11,16) 1
(12,15) (12,16) 8
(13,15) (13,16) 2
(14,15) (14,16) 9
(15,15) (15,16) 8
(16,15) (16,16) 8
(17,15) (17,16) 7
(18,15) (18,16) 4
(19,15) (19,16) 4
(20,15) (20,16) 7
(21,15) (21,16) 10
(22,15) (22,16) 10
(23,15) (23,16) 2
(24,15) (24,16) 9
(25,15) (25,16) 7
(26,15) (26,16) 2
(27,15) (27,16) 10
(28,15) (28,16) 6
(29,15) (29,16) 6
(30,15) (30,16) 3
(1,16) (1,17) 9
(2,16) (2,17) 9
(3,16) (3,17) 10
(4,16) (4,17) 4
(5,16) (5,17) 3
(6,16) (6,17) 3
(7,16) (7,17) 10
(8,16) (8,17) 2
(9,16) (9,17) 3
(10,16) (10,17) 5
(11,16) (11,17) 8
(12,16) (12,17) 1
(13,16) (13,17) 6
(14,16) (14,17) 2
(15,16) (15,17) 3
(16,16) (16,17) 3
(17,16) (17,17) 10
(18,16) (18,17) 1
(19,16) (19,17) 4
(20,16) (20,17) 4
(21,16) (21,17) 1
(22,16) (22,17) 9
(23,16) (23,17) 6
(24,16) (24,17) 10
(25,16) (25,17) 5
(26,16) (26,17) 9
(27,16) (27,17) 6
(28,16) (28,17) 10
(29,16) (29,17) 9
(30,16) (30,17) 1
(1,17) (1,18) 4
(2,17) (2,18) 6
(3,17) (3,18) 7
(4,17) (4,18) 5
(5,17) (5,18) 3
(6,17) (6,18) 5
(7,17) (7,18) 8
(8,17) (8,18) 5
(9,17) (9,18) 7
(10,17) (10,18) 6
(11,17) (11,18) 9
(12,17) (12,18) 6
(13,17) (13,18) 10
(14,17) (14,18) 7
(15,17) (15,18) 10
(16,17) (16,18) 9
(17,17) (17,18) 6
(18,17) (18,18) 8
(19,17) (19,18) 8
(20,17) (20,18) 9
(21,17) (21,18) 8
(22,17) (22,18) 7
(23,17) (23,18) 3
(24,17) (24,18) 4
(25,17) (25,18) 8
(26,17) (26,18) 8
(27,17) (27,18) 9
(28,17) (28,18) 7
(29,17) (29,18) 7
(30,17) (30,18) 10
(1,18) (1,19) 5
(2,18) (2,19) 3
(3,18) (3,19) 6
(4,18) (4,19) 9
(5,18) (5,19) 10
(6,18) (6,19) 5
(7,18) (7,19) 9
(8,18) (8,19) 7
(9,18) (9,19) 3
(10,18) (10,19) 5
(11,18) (11,19) 4
(12,18) (12,19) 1
(13,18) (13,19) 7
(14,18) (14,19) 7
(15,18) (15,19) 4
(16,18) (16,19) 8
(17,18) (17,19) 8
(18,18) (18,19) 9
(19,18) (19,19) 9
(20,18) (20,19) 3
(21,18) (21,19) 2
(22,18) (22,19) 1
(23,18) (23,19) 10
(24,18) (24,19) 10
(25,18) (25,19) 6
(26,18) (26,19) 4
(27,18) (27,19) 1
(28,18) (28,19) 6
(29,18) (29,19) 7
(30,18) (30,19) 2
(1,19) (1,20) 3
(2,19) (2,20) 7
(3,19) (3,20) 1
(4,19) (4,20) 7
(5,19) (5,20) 4
(6,19) (6,20) 7
(7,19) (7,20) 5
(8,19) (8,20) 8
(9,19) (9,20) 4
(10,19) (10,20) 2
(11,19) (11,20) 3
(12,19) (12,20) 6
(13,19) (13,20) 9
(14,19) (14,20) 1
(15,19) (15,20) 6
(16,19) (16,20) 8
(17,19) (17,20) 7
(18,19) (18,20) 1
(19,19) (19,20) 10
(20,19) (20,20) 5
(21,19) (21,20) 2
(22,19) (22,20) 2
(23,19) (23,20) 7
(24,19) (24,20) 5
(25,19) (25,20) 8
(26,19) (26,20) 3
(27,19) (27,20) 2
(28,19) (28,20) 4
(29,19) (29,20) 10
(30,19) (30,20) 2
(1,20) (1,21) 8
(2,20) (2,21) 4
(3,20) (3,21) 10
(4,20) (4,21) 8
(5,20) (5,21) 7
(6,20) (6,21) 4
(7,20) (7,21) 7
(8,20) (8,21) 9
(9,20) (9,21) 5
(10,20) (10,21) 9
(11,20) (11,21) 4
(12,20) (12,21) 6
(13,20) (13,21) 4
(14,20) (14,21) 7
(15,20) (15,21) 7
(16,20) (16,21) 8
(17,20) (17,21) 10
(18,20) (18,21) 8
(19,20) (19,21) 5
(20,20) (20,21) 10
(21,20) (21,21) 3
(22,20) (22,21) 9
(23,20) (23,21) 5
(24,20) (24,21) 10
(25,20) (25,21) 3
(26,20) (26,21) 9
(27,20) (27,21) 2
(28,20) (28,21) 3
(29,20) (29,21) 7
(30,20) (30,21) 1
(1,21) (1,22) 3
(2,21) (2,22) 6
(3,21) (3,22) 1
(4,21) (4,22) 1
(5,21) (5,22) 6
(6,21) (6,22) 5
(7,21) (7,22) 2
(8,21) (8,22) 9
(9,21) (9,22) 5
(10,21) (10,22) 1
(11,21) (11,22) 7
(12,21) (12,22) 5
(13,21) (13,22) 6
(14,21) (14,22) 6
(15,21) (15,22) 6
(16,21) (16,22) 6
(17,21) (17,22) 4
(18,21) (18,22) 7
(19,21) (19,22) 5
(20,21) (20,22) 1
(21,21) (21,22) 8
(22,21) (22,22) 10
(23,21) (23,22) 3
(24,21) (24,22) 5
(25,21) (25,22) 10
(26,21) (26,22) 10
(27,21) (27,22) 7
(28,21) (28,22) 10
(29,21) (29,22) 7
(30,21) (30,22) 10
(1,22) (1,23) 5
(2,22) (2,23) 4
(3,22) (3,23) 2
(4,22) (4,23) 7
(5,22) (5,23) 5
(6,22) (6,23) 5
(7,22) (7,23) 4
(8,22) (8,23) 4
(9,22) (9,23) 4
(10,22) (10,23) 4
(11,22) (11,23) 3
(12,22) (12,23) 2
(13,22) (13,23) 6
(14,22) (14,23) 10
(15,22) (15,23) 2
(16,22) (16,23) 10
(17,22) (17,23) 9
(18,22) (18,23) 8
(19,22) (19,23) 9
(20,22) (20,23) 2
(21,22) (21,23) 4
(22,22) (22,23) 7
(23,22) (23,23) 3
(24,22) (24,23) 10
(25,22) (25,23) 1
(26,22) (26,23) 9
(27,22) (27,23) 9
(28,22) (28,23) 9
(29,22) (29,23) 8
(30,22) (30,23) 6
(1,23) (1,24) 1
(2,23) (2,24) 8
(3,23) (3,24) 6
(4,23) (4,24) 8
(5,23) (5,24) 8
(6,23) (6,24) 10
(7,23) (7,24) 9
(8,23) (8,24) 8
(9,23) (9,24) 2
(10,23) (10,24) 1
(11,23) (11,24) 1
(12,23) (12,24) 6
(13,23) (13,24) 8
(14,23) (14,24) 5
(15,23) (15,24) 2
(16,23) (16,24) 5
(17,23) (17,24) 6
(18,23) (18,24) 4
(19,23) (19,24) 5
(20,23) (20,24) 8
(21,23) (21,24) 9
(22,23) (22,24) 9
(23,23) (23,24) 5
(24,23) (24,24) 5
(25,23) (25,24) 9
(26,23) (26,24) 6
(27,23) (27,24) 9
(28,23) (28,24) 7
(29,23) (29,24) 9
(30,23) (30,24) 3
(1,24) (1,25) 9
(2,24) (2,25) 4
(3,24) (3,25) 4
(4,24) (4,25) 2
(5,24) (5,25) 2
(6,24) (6,25) 6
(7,24) (7,25) 6
(8,24) (8,25) 5
(9,24) (9,25) 7
(10,24) (10,25) 10
(11,24) (11,25) 4
(12,24) (12,25) 5
(13,24) (13,25) 9
(14,24) (14,25) 4
(15,24) (15,25) 6
(16,24) (16,25) 1
(17,24) (17,25) 6
(18,24) (18,25) 2
(19,24) (19,25) 7
(20,24) (20,25) 9
(21,24) (21,25) 2
(22,24) (22,25) 1
(23,24) (23,25) 10
(24,24) (24,25) 8
(25,24) (25,25) 4
(26,24) (26,25) 7
(27,24) (27,25) 10
(28,24) (28,25) 6
(29,24) (29,25) 3
(30,24) (30,25) 10
(1,1) (2,1) 4
(2,1) (1,1) 4
(2,1) (3,1) 1
(3,1) (2,1) 5
(3,1) (4,1) 8
(4,1) (3,1) 2
(4,1) (5,1) 5
(5,1) (4,1) 8
(5,1) (6,1) 2
(6,1) (5,1) 7
(6,1) (7,1) 8
(7,1) (6,1) 8
(7,1) (8,1) 3
(8,1) (7,1) 5
(8,1) (9,1) 10
(9,1) (8,1) 3
(9,1) (10,1) 8
(10,1) (9,1) 8
(10,1) (11,1) 8
(11,1) (10,1) 1
(11,1) (12,1) 10
(12,1) (11,1) 9
(12,1) (13,1) 4
(13,1) (12,1) 2
(13,1) (14,1) 6
(14,1) (13,1) 10
(14,1) (15,1) 2
(15,1) (14,1) 10
(15,1) (16,1) 8
(16,1) (15,1) 10
(16,1) (17,1) 3
(17,1) (16,1) 4
(17,1) (18,1) 7
(18,1) (17,1) 6
(18,1) (19,1) 3
(19,1) (18,1) 1
(19,1) (20,1) 3
(20,1) (19,1) 8
(20,1) (21,1) 9
(21,1) (20,1) 1
(21,1) (22,1) 7
(22,1) (21,1) 2
(22,1) (23,1) 8
(23,1) (22,1) 6
(23,1) (24,1) 8
(24,1) (23,1) 8
(24,1) (25,1) 6
(25,1) (24,1) 4
(25,1) (26,1) 2
(26,1) (25,1) 5
(26,1) (27,1) 3
(27,1) (26,1) 8
(27,1) (28,1) 7
(28,1) (27,1) 2
(28,1) (29,1) 3
(29,1) (28,1) 2
(29,1) (30,1) 2
(30,1) (29,1) 8
(1,2) (2,2) 6
(2,2) (1,2) 7
(2,2) (3,2) 8
(3,2) (2,2) 6
(3,2) (4,2) 1
(4,2) (3,2) 2
(4,2) (5,2) 1
(5,2) (4,2) 10
(5,2) (6,2) 2
(6,2) (5,2) 2
(6,2) (7,2) 3
(7,2) (6,2) 6
(7,2) (8,2) 4
(8,2) (7,2) 10
(8,2) (9,2) 4
(9,2) (8,2) 9
(9,2) (10,2) 4
(10,2) (9,2) 6
(10,2) (11,2) 7
(11,2) (10,2) 4
(11,2) (12,2) 3
(12,2) (11,2) 8
(12,2) (13,2) 10
(13,2) (12,2) 7
(13,2) (14,2) 3
(14,2) (13,2) 1
(14,2) (15,2) 2
(15,2) (14,2) 7
(15,2) (16,2) 6
(16,2) (15,2) 8
(16,2) (17,2) 7
(17,2) (16,2) 5
(17,2) (18,2) 4
(18,2) (17,2) 5
(18,2) (19,2) 4
(19,2) (18,2) 5
(19,2) (20,2) 3
(20,2) (19,2) 3
(20,2) (21,2) 10
(21,2) (20,2) 6
(21,2) (22,2) 7
(22,2) (21,2) 7
(22,2) (23,2) 1
(23,2) (22,2) 1
(23,2) (24,2) 10
(24,2) (23,2) 8
(24,2) (25,2) 1
(25,2) (24,2) 1
(25,2) (26,2) 4
(26,2) (25,2) 2
(26,2) (27,2) 2
(27,2) (26,2) 1
(27,2) (28,2) 5
(28,2) (27,2) 1
(28,2) (29,2) 2
(29,2) (28,2) 6
(29,2) (30,2) 5
(30,2) (29,2) 8
(1,3) (2,3) 10
(2,3) (1,3) 4
(2,3) (3,3) 9
(3,3) (2,3) 8
(3,3) (4,3) 7
(4,3) (3,3) 5
(4,3) (5,3) 4
(5,3) (4,3) 5
(5,3) (6,3) 4
(6,3) (5,3) 6
(6,3) (7,3) 3
(7,3) (6,3) 6
(7,3) (8,3) 8
(8,3) (7,3) 8
(8,3) (9,3) 5
(9,3) (8,3) 8
(9,3) (10,3) 7
(10,3) (9,3) 3
(10,3) (11,3) 8
(11,3) (10,3) 6
(11,3) (12,3) 10
(12,3) (11,3) 3
(12,3) (13,3) 5
(13,3) (12,3) 2
(13,3) (14,3) 4
(14,3) (13,3) 1
(14,3) (15,3) 10
(15,3) (14,3) 6
(15,3) (16,3) 6
(16,3) (15,3) 5
(16,3) (17,3) 8
(17,3) (16,3) 10
(17,3) (18,3) 9
(18,3) (17,3) 7
(18,3) (19,3) 9
(19,3) (18,3) 1
(19,3) (20,3) 1
(20,3) (19,3) 7
(20,3) (21,3) 5
(21,3) (20,3) 7
(21,3) (22,3) 1
(22,3) (21,3) 1
(22,3) (23,3) 5
(23,3) (22,3) 6
(23,3) (24,3) 10
(24,3) (23,3) 5
(24,3) (25,3) 5
(25,3) (24,3) 1
(25,3) (26,3) 9
(26,3) (25,3) 6
(26,3) (27,3) 6
(27,3) (26,3) 1
(27,3) (28,3) 4
(28,3) (27,3) 1
(28,3) (29,3) 4
(29,3) (28,3) 9
(29,3) (30,3) 5
(30,3) (29,3) 1
(1,4) (2,4) 2
(2,4) (1,4) 4
(2,4) (3,4) 4
(3,4) (2,4) 5
(3,4) (4,4) 1
(4,4) (3,4) 5
(4,4) (5,4) 7
(5,4) (4,4) 7
(5,4) (6,4) 2
(6,4) (5,4) 2
(6,4) (7,4) 5
(7,4) (6,4) 2
(7,4) (8,4) 3
(8,4) (7,4) 2
(8,4) (9,4) 10
(9,4) (8,4) 3
(9,4) (10,4) 3
(10,4) (9,4) 9
(10,4) (11,4) 3
(11,4) (10,4) 6
(11,4) (12,4) 6
(12,4) (11,4) 6
(12,4) (13,4) 4
(13,4) (12,4) 9
(13,4) (14,4) 7
(14,4) (13,4) 1
(14,4) (15,4) 10
(15,4) (14,4) 2
(15,4) (16,4) 6
(16,4) (15,4) 7
(16,4) (17,4) 6
(17,4) (16,4) 7
(17,4) (18,4) 9
(18,4) (17,4) 5
(18,4) (19,4) 7
(19,4) (18,4) 2
(19,4) (20,4) 4
(20,4) (19,4) 7
(20,4) (21,4) 7
(21,4) (20,4) 6
(21,4) (22,4) 5
(22,4) (21,4) 3
(22,4) (23,4) 8
(23,4) (22,4) 10
(23,4) (24,4) 6
(24,4) (23,4) 10
(24,4) (25,4) 9
(25,4) (24,4) 5
(25,4) (26,4) 8
(26,4) (25,4) 4
(26,4) (27,4) 4
(27,4) (26,4) 6
(27,4) (28,4) 6
(28,4) (27,4) 3
(28,4) (29,4) 8
(29,4) (28,4) 6
(29,4) (30,4) 9
(30,4) (29,4) 5
(1,5) (2,5) 4
(2,5) (1,5) 5
(2,5) (3,5) 4
(3,5) (2,5) 8
(3,5) (4,5) 9
(4,5) (3,5) 1
(4,5) (5,5) 10
(5,5) (4,5) 6
(5,5) (6,5) 8
(6,5) (5,5) 9
(6,5) (7,5) 9
(7,5) (6,5) 9
(7,5) (8,5) 8
(8,5) (7,5) 4
(8,5) (9,5) 8
(9,5) (8,5) 5
(9,5) (10,5) 7
(10,5) (9,5) 8
(10,5) (11,5) 3
(11,5) (10,5) 7
(11,5) (12,5) 4
(12,5) (11,5) 2
(12,5) (13,5) 6
(13,5) (12,5) 6
(13,5) (14,5) 7
(14,5) (13,5) 8
(14,5) (15,5) 4
(15,5) (14,5) 2
(15,5) (16,5) 3
(16,5) (15,5) 9
(16,5) (17,5) 3
(17,5) (16,5) 2
(17,5) (18,5) 5
(18,5) (17,5) 6
(18,5) (19,5) 9
(19,5) (18,5) 4
(19,5) (20,5) 8
(20,5) (19,5) 2
(20,5) (21,5) 2
(21,5) (20,5) 1
(21,5) (22,5) 2
(22,5) (21,5) 1
(22,5) (23,5) 7
(23,5) (22,5) 10
(23,5) (24,5) 2
(24,5) (23,5) 5
(24,5) (25,5) 8
(25,5) (24,5) 10
(25,5) (26,5) 4
(26,5) (25,5) 7
(26,5) (27,5) 2
(27,5) (26,5) 3
(27,5) (28,5) 2
(28,5) (27,5) 10
(28,5) (29,5) 8
(29,5) (28,5) 2
(29,5) (30,5) 4
(30,5) (29,5) 4
(1,6) (2,6) 8
(2,6) (1,6) 7
(2,6) (3,6) 2
(3,6) (2,6) 5
(3,6) (4,6) 7
(4,6) (3,6) 8
(4,6) (5,6) 3
(5,6) (4,6) 6
(5,6) (6,6) 4
(6,6) (5,6) 1
(6,6) (7,6) 4
(7,6) (6,6) 4
(7,6) (8,6) 3
(8,6) (7,6) 3
(8,6) (9,6) 7
(9,6) (8,6) 10
(9,6) (10,6) 7
(10,6) (9,6) 2
(10,6) (11,6) 1
(11,6) (10,6) 1
(11,6) (12,6) 4
(12,6) (11,6) 5
(12,6) (13,6) 2
(13,6) (12,6) 9
(13,6) (14,6) 2
(14,6) (13,6) 2
(14,6) (15,6) 7
(15,6) (14,6) 9
(15,6) (16,6) 6
(16,6) (15,6) 3
(16,6) (17,6) 2
(17,6) (16,6) 9
(17,6) (18,6) 9
(18,6) (17,6) 5
(18,6) (19,6) 10
(19,6) (18,6) 6
(19,6) (20,6) 5
(20,6) (19,6) 9
(20,6) (21,6) 5
(21,6) (20,6) 2
(21,6) (22,6) 10
(22,6) (21,6) 2
(22,6) (23,6) 2
(23,6) (22,6) 5
(23,6) (24,6) 2
(24,6) (23,6) 8
(24,6) (25,6) 9
(25,6) (24,6) 5
(25,6) (26,6) 1
(26,6) (25,6) 2
(26,6) (27,6) 2
(27,6) (26,6) 4
(27,6) (28,6) 6
(28,6) (27,6) 8
(28,6) (29,6) 9
(29,6) (28,6) 1
(29,6) (30,6) 5
(30,6) (29,6) 7
(1,7) (2,7) 2
(2,7) (1,7) 1
(2,7) (3,7) 5
(3,7) (2,7) 3
(3,7) (4,7) 6
(4,7) (3,7) 6
(4,7) (5,7) 5
(5,7) (4,7) 8
(5,7) (6,7) 9
(6,7) (5,7) 2
(6,7) (7,7) 3
(7,7) (6,7) 10
(7,7) (8,7) 6
(8,7) (7,7) 4
(8,7) (9,7) 6
(9,7) (8,7) 5
(9,7) (10,7) 4
(10,7) (9,7) 4
(10,7) (11,7) 9
(11,7) (10,7) 10
(11,7) (12,7) 1
(12,7) (11,7) 9
(12,7) (13,7) 5
(13,7) (12,7) 2
(13,7) (14,7) 3
(14,7) (13,7) 2
(14,7) (15,7) 6
(15,7) (14,7) 1
(15,7) (16,7) 7
(16,7) (15,7) 10
(16,7) (17,7) 8
(17,7) (16,7) 8
(17,7) (18,7) 1
(18,7) (17,7) 7
(18,7) (19,7) 9
(19,7) (18,7) 7
(19,7) (20,7) 10
(20,7) (19,7) 5
(20,7) (21,7) 9
(21,7) (20,7) 4
(21,7) (22,7) 1
(22,7) (21,7) 10
(22,7) (23,7) 10
(23,7) (22,7) 3
(23,7) (24,7) 10
(24,7) (23,7) 7
(24,7) (25,7) 7
(25,7) (24,7) 8
(25,7) (26,7) 4
(26,7) (25,7) 5
(26,7) (27,7) 4
(27,7) (26,7) 6
(27,7) (28,7) 7
(28,7) (27,7) 3
(28,7) (29,7) 2
(29,7) (28,7) 2
(29,7) (30,7) 7
(30,7) (29,7) 4
(1,8) (2,8) 2
(2,8) (1,8) 5
(2,8) (3,8) 2
(3,8) (2,8) 2
(3,8) (4,8) 5
(4,8) (3,8) 7
(4,8) (5,8) 10
(5,8) (4,8) 5
(5,8) (6,8) 1
(6,8) (5,8) 4
(6,8) (7,8) 4
(7,8) (6,8) 8
(7,8) (8,8) 4
(8,8) (7,8) 8
(8,8) (9,8) 5
(9,8) (8,8) 8
(9,8) (10,8) 3
(10,8) (9,8) 9
(10,8) (11,8) 4
(11,8) (10,8) 6
(11,8) (12,8) 8
(12,8) (11,8) 9
(12,8) (13,8) 1
(13,8) (12,8) 8
(13,8) (14,8) 5
(14,8) (13,8) 4
(14,8) (15,8) 6
(15,8) (14,8) 9
(15,8) (16,8) 5
(16,8) (15,8) 5
(16,8) (17,8) 6
(17,8) (16,8) 7
(17,8) (18,8) 8
(18,8) (17,8) 8
(18,8) (19,8) 2
(19,8) (18,8) 4
(19,8) (20,8) 1
(20,8) (19,8) 7
(20,8) (21,8) 6
(21,8) (20,8) 5
(21,8) (22,8) 6
(22,8) (21,8) 9
(22,8) (23,8) 4
(23,8) (22,8) 6
(23,8) (24,8) 3
(24,8) (23,8) 7
(24,8) (25,8) 2
(25,8) (24,8) 2
(25,8) (26,8) 10
(26,8) (25,8) 9
(26,8) (27,8) 4
(27,8) (26,8) 5
(27,8) (28,8) 7
(28,8) (27,8) 8
(28,8) (29,8) 7
(29,8) (28,8) 8
(29,8) (30,8) 1
(30,8) (29,8) 3
(1,9) (2,9) 7
(2,9) (1,9) 4
(2,9) (3,9) 7
(3,9) (2,9) 7
(3,9) (4,9) 8
(4,9) (3,9) 4
(4,9) (5,9) 10
(5,9) (4,9) 2
(5,9) (6,9) 3
(6,9) (5,9) 5
(6,9) (7,9) 7
(7,9) (6,9) 7
(7,9) (8,9) 2
(8,9) (7,9) 2
(8,9) (9,9) 10
(9,9) (8,9) 5
(9,9) (10,9) 10
(10,9) (9,9) 3
(10,9) (11,9) 3
(11,9) (10,9) 5
(11,9) (12,9) 8
(12,9) (11,9) 6
(12,9) (13,9) 3
(13,9) (12,9) 5
(13,9) (14,9) 10
(14,9) (13,9) 7
(14,9) (15,9) 9
(15,9) (14,9) 8
(15,9) (16,9) 1
(16,9) (15,9) 9
(16,9) (17,9) 6
(17,9) (16,9) 7
(17,9) (18,9) 6
(18,9) (17,9) 9
(18,9) (19,9) 4
(19,9) (18,9) 6
(19,9) (20,9) 6
(20,9) (19,9) 9
(20,9) (21,9) 2
(21,9) (20,9) 2
(21,9) (22,9) 2
(22,9) (21,9) 2
(22,9) (23,9) 8
(23,9) (22,9) 9
(23,9) (24,9) 6
(24,9) (23,9) 10
(24,9) (25,9) 9
(25,9) (24,9) 6
(25,9) (26,9) 2
(26,9) (25,9) 5
(26,9) (27,9) 5
(27,9) (26,9) 9
(27,9) (28,9) 7
(28,9) (27,9) 5
(28,9) (29,9) 3
(29,9) (28,9) 4
(29,9) (30,9) 5
(30,9) (29,9) 9
(1,10) (2,10) 10
(2,10) (1,10) 1
(2,10) (3,10) 5
(3,10) (2,10) 5
(3,10) (4,10) 1
(4,10) (3,10) 9
(4,10) (5,10) 10
(5,10) (4,10) 4
(5,10) (6,10) 3
(6,10) (5,10) 8
(6,10) (7,10) 7
(7,10) (6,10) 6
(7,10) (8,10) 2
(8,10) (7,10) 5
(8,10) (9,10) 2
(9,10) (8,10) 5
(9,10) (10,10) 5
(10,10) (9,10) 4
(10,10) (11,10) 8
(11,10) (10,10) 9
(11,10) (12,10) 5
(12,10) (11,10) 7
(12,10) (13,10) 9
(13,10) (12,10) 8
(13,10) (14,10) 8
(14,10) (13,10) 3
(14,10) (15,10) 8
(15,10) (14,10) 5
(15,10) (16,10) 3
(16,10) (15,10) 8
(16,10) (17,10) 4
(17,10) (16,10) 8
(17,10) (18,10) 1
(18,10) (17,10) 1
(18,10) (19,10) 7
(19,10) (18,10) 4
(19,10) (20,10) 8
(20,10) (19,10) 10
(20,10) (21,10) 1
(21,10) (20,10) 4
(21,10) (22,10) 4
(22,10) (21,10) 9
(22,10) (23,10) 1
(23,10) (22,10) 7
(23,10) (24,10) 4
(24,10) (23,10) 5
(24,10) (25,10) 5
(25,10) (24,10) 6
(25,10) (26,10) 9
(26,10) (25,10) 10
(26,10) (27,10) 5
(27,10) (26,10) 8
(27,10) (28,10) 6
(28,10) (27,10) 1
(28,10) (29,10) 4
(29,10) (28,10) 4
(29,10) (30,10) 7
(30,10) (29,10) 10
(1,11) (2,11) 1
(2,11) (1,11) 4
(2,11) (3,11) 1
(3,11) (2,11) 1
(3,11) (4,11) 6
(4,11) (3,11) 4
(4,11) (5,11) 8
(5,11) (4,11) 6
(5,11) (6,11) 10
(6,11) (5,11) 5
(6,11) (7,11) 7
(7,11) (6,11) 6
(7,11) (8,11) 1
(8,11) (7,11) 10
(8,11) (9,11) 6
(9,11) (8,11) 3
(9,11) (10,11) 2
(10,11) (9,11) 4
(10,11) (11,11) 5
(11,11) (10,11) 8
(11,11) (12,11) 9
(12,11) (11,11) 1
(12,11) (13,11) 3
(13,11) (12,11) 3
(13,11) (14,11) 3
(14,11) (13,11) 1
(14,11) (15,11) 6
(15,11) (14,11) 7
(15,11) (16,11) 5
(16,11) (15,11) 1
(16,11) (17,11) 9
(17,11) (16,11) 8
(17,11) (18,11) 8
(18,11) (17,11) 7
(18,11) (19,11) 10
(19,11) (18,11) 3
(19,11) (20,11) 7
(20,11) (19,11) 8
(20,11) (21,11) 6
(21,11) (20,11) 10
(21,11) (22,11) 9
(22,11) (21,11) 10
(22,11) (23,11) 8
(23,11) (22,11) 8
(23,11) (24,11) 9
(24,11) (23,11) 8
(24,11) (25,11) 9
(25,11) (24,11) 10
(25,11) (26,11) 3
(26,11) (25,11) 8
(26,11) (27,11) 2
(27,11) (26,11) 5
(27,11) (28,11) 10
(28,11) (27,11) 7
(28,11) (29,11) 8
(29,11) (28,11) 3
(29,11) (30,11) 6
(30,11) (29,11) 10
(1,12) (2,12) 1
(2,12) (1,12) 6
(2,12) (3,12) 10
(3,12) (2,12) 7
(3,12) (4,12) 3
(4,12) (3,12) 2
(4,12) (5,12) 4
(5,12) (4,12) 6
(5,12) (6,12) 5
(6,12) (5,12) 2
(6,12) (7,12) 7
(7,12) (6,12) 7
(7,12) (8,12) 3
(8,12) (7,12) 7
(8,12) (9,12) 2
(9,12) (8,12) 9
(9,12) (10,12) 2
(10,12) (9,12) 1
(10,12) (11,12) 4
(11,12) (10,12) 7
(11,12) (12,12) 4
(12,12) (11,12) 3
(12,12) (13,12) 4
(13,12) (12,12) 3
(13,12) (14,12) 9
(14,12) (13,12) 10
(14,12) (15,12) 6
(15,12) (14,12) 6
(15,12) (16,12) 7
(16,12) (15,12) 7
(16,12) (17,12) 3
(17,12) (16,12) 8
(17,12) (18,12) 7
(18,12) (17,12) 8
(18,12) (19,12) 4
(19,12) (18,12) 10
(19,12) (20,12) 6
(20,12) (19,12) 5
(20,12) (21,12) 8
(21,12) (20,12) 10
(21,12) (22,12) 2
(22,12) (21,12) 7
(22,12) (23,12) 3
(23,12) (22,12) 7
(23,12) (24,12) 9
(24,12) (23,12) 8
(24,12) (25,12) 5
(25,12) (24,12) 1
(25,12) (26,12) 3
(26,12) (25,12) 6
(26,12) (27,12) 7
(27,12) (26,12) 10
(27,12) (28,12) 8
(28,12) (27,12) 4
(28,12) (29,12) 2
(29,12) (28,12) 3
(29,12) (30,12) 9
(30,12) (29,12) 9
(1,13) (2,13) 1
(2,13) (1,13) 2
(2,13) (3,13) 10
(3,13) (2,13) 1
(3,13) (4,13) 7
(4,13) (3,13) 5
(4,13) (5,13) 8
(5,13) (4,13) 6
(5,13) (6,13) 6
(6,13) (5,13) 8
(6,13) (7,13) 9
(7,13) (6,13) 5
(7,13) (8,13) 4
(8,13) (7,13) 1
(8,13) (9,13) 6
(9,13) (8,13) 4
(9,13) (10,13) 10
(10,13) (9,13) 3
(10,13) (11,13) 3
(11,13) (10,13) 9
(11,13) (12,13) 7
(12,13) (11,13) 4
(12,13) (13,13) 4
(13,13) (12,13) 8
(13,13) (14,13) 4
(14,13) (13,13) 3
(14,13) (15,13) 4
(15,13) (14,13) 1
(15,13) (16,13) 5
(16,13) (15,13) 1
(16,13) (17,13) 4
(17,13) (16,13) 6
(17,13) (18,13) 8
(18,13) (17,13) 10
(18,13) (19,13) 6
(19,13) (18,13) 9
(19,13) (20,13) 8
(20,13) (19,13) 7
(20,13) (21,13) 9
(21,13) (20,13) 1
(21,13) (22,13) 5
(22,13) (21,13) 7
(22,13) (23,13) 5
(23,13) (22,13) 10
(23,13) (24,13) 2
(24,13) (23,13) 5
(24,13) (25,13) 3
(25,13) (24,13) 4
(25,13) (26,13) 5
(26,13) (25,13) 8
(26,13) (27,13) 9
(27,13) (26,13) 2
(27,13) (28,13) 2
(28,13) (27,13) 8
(28,13) (29,13) 5
(29,13) (28,13) 5
(29,13) (30,13) 9
(30,13) (29,13) 1
(1,14) (2,14) 5
(2,14) (1,14) 2
(2,14) (3,14) 7
(3,14) (2,14) 7
(3,14) (4,14) 1
(4,14) (3,14) 2
(4,14) (5,14) 1
(5,14) (4,14) 1
(5,14) (6,14) 7
(6,14) (5,14) 7
(6,14) (7,14) 6
(7,14) (6,14) 2
(7,14) (8,14) 7
(8,14) (7,14) 2
(8,14) (9,14) 3
(9,14) (8,14) 7
(9,14) (10,14) 6
(10,14) (9,14) 5
(10,14) (11,14) 4
(11,14) (10,14) 8
(11,14) (12,14) 8
(12,14) (11,14) 6
(12,14) (13,14) 4
(13,14) (12,14) 4
(13,14) (14,14) 7
(14,14) (13,14) 7
(14,14) (15,14) 6
(15,14) (14,14) 8
(15,14) (16,14) 6
(16,14) (15,14) 4
(16,14) (17,14) 8
(17,14) (16,14) 1
(17,14) (18,14) 8
(18,14) (17,14) 6
(18,14) (19,14) 9
(19,14) (18,14) 6
(19,14) (20,14) 2
(20,14) (19,14) 3
(20,14) (21,14) 3
(21,14) (20,14) 10
(21,14) (22,14) 4
(22,14) (21,14) 5
(22,14) (23,14) 6
(23,14) (22,14) 7
(23,14) (24,14) 4
(24,14) (23,14) 6
(24,14) (25,14) 4
(25,14) (24,14) 10
(25,14) (26,14) 9
(26,14) (25,14) 3
(26,14) (27,14) 3
(27,14) (26,14) 2
(27,14) (28,14) 3
(28,14) (27,14) 1
(28,14) (29,14) 3
(29,14) (28,14) 8
(29,14) (30,14) 7
(30,14) (29,14) 4
(1,15) (2,15) 6
(2,15) (1,15) 10
(2,15) (3,15) 8
(3,15) (2,15) 3
(3,15) (4,15) 7
(4,15) (3,15) 7
(4,15) (5,15) 10
(5,15) (4,15) 5
(5,15) (6,15) 8
(6,15) (5,15) 4
(6,15) (7,15) 8
(7,15) (6,15) 8
(7,15) (8,15) 7
(8,15) (7,15) 2
(8,15) (9,15) 9
(9,15) (8,15) 6
(9,15) (10,15) 5
(10,15) (9,15) 6
(10,15) (11,15) 7
(11,15) (10,15) 10
(11,15) (12,15) 7
(12,15) (11,15) 10
(12,15) (13,15) 4
(13,15) (12,15) 8
(13,15) (14,15) 2
(14,15) (13,15) 6
(14,15) (15,15) 9
(15,15) (14,15) 6
(15,15) (16,15) 8
(16,15) (15,15) 1
(16,15) (17,15) 1
(17,15) (16,15) 8
(17,15) (18,15) 1
(18,15) (17,15) 2
(18,15) (19,15) 5
(19,15) (18,15) 8
(19,15) (20,15) 2
(20,15) (19,15) 4
(20,15) (21,15) 4
(21,15) (20,15) 5
(21,15) (22,15) 6
(22,15) (21,15) 3
(22,15) (23,15) 1
(23,15) (22,15) 10
(23,15) (24,15) 9
(24,15) (23,15) 5
(24,15) (25,15) 3
(25,15) (24,15) 10
(25,15) (26,15) 8
(26,15) (25,15) 1
(26,15) (27,15) 4
(27,15) (26,15) 9
(27,15) (28,15) 7
(28,15) (27,15) 1
(28,15) (29,15) 1
(29,15) (28,15) 5
(29,15) (30,15) 7
(30,15) (29,15) 4
(1,16) (2,16) 2
(2,16) (1,16) 9
(2,16) (3,16) 10
(3,16) (2,16) 9
(3,16) (4,16) 8
(4,16) (3,16) 3
(4,16) (5,16) 1
(5,16) (4,16) 3
(5,16) (6,16) 4
(6,16) (5,16) 5
(6,16) (7,16) 2
(7,16) (6,16) 9
(7,16) (8,16) 9
(8,16) (7,16) 8
(8,16) (9,16) 1
(9,16) (8,16) 6
(9,16) (10,16) 9
(10,16) (9,16) 2
(10,16) (11,16) 8
(11,16) (10,16) 5
(11,16) (12,16) 6
(12,16) (11,16) 6
(12,16) (13,16) 2
(13,16) (12,16) 1
(13,16) (14,16) 5
(14,16) (13,16) 3
(14,16) (15,16) 8
(15,16) (14,16) 10
(15,16) (16,16) 1
(16,16) (15,16) 2
(16,16) (17,16) 4
(17,16) (16,16) 3
(17,16) (18,16) 6
(18,16) (17,16) 1
(18,16) (19,16) 9
(19,16) (18,16) 5
(19,16) (20,16) 2
(20,16) (19,16) 9
(20,16) (21,16) 4
(21,16) (20,16) 1
(21,16) (22,16) 7
(22,16) (21,16) 6
(22,16) (23,16) 3
(23,16) (22,16) 10
(23,16) (24,16) 8
(24,16) (23,16) 2
(24,16) (25,16) 4
(25,16) (24,16) 7
(25,16) (26,16) 2
(26,16) (25,16) 6
(26,16) (27,16) 3
(27,16) (26,16) 5
(27,16) (28,16) 2
(28,16) (27,16) 9
(28,16) (29,16) 10
(29,16) (28,16) 2
(29,16) (30,16) 5
(30,16) (29,16) 1
(1,17) (2,17) 3
(2,17) (1,17) 5
(2,17) (3,17) 10
(3,17) (2,17) 4
(3,17) (4,17) 4
(4,17) (3,17) 9
(4,17) (5,17) 5
(5,17) (4,17) 3
(5,17) (6,17) 1
(6,17) (5,17) 2
(6,17) (7,17) 5
(7,17) (6,17) 6
(7,17) (8,17) 7
(8,17) (7,17) 8
(8,17) (9,17) 1
(9,17) (8,17) 2
(9,17) (10,17) 6
(10,17) (9,17) 6
(10,17) (11,17) 6
(11,17) (10,17) 8
(11,17) (12,17) 1
(12,17) (11,17) 10
(12,17) (13,17) 6
(13,17) (12,17) 3
(13,17) (14,17) 4
(14,17) (13,17) 2
(14,17) (15,17) 8
(15,17) (14,17) 8
(15,17) (16,17) 2
(16,17) (15,17) 4
(16,17) (17,17) 10
(17,17) (16,17) 8
(17,17) (18,17) 8
(18,17) (17,17) 8
(18,17) (19,17) 4
(19,17) (18,17) 5
(19,17) (20,17) 2
(20,17) (19,17) 8
(20,17) (21,17) 7
(21,17) (20,17) 4
(21,17) (22,17) 4
(22,17) (21,17) 4
(22,17) (23,17) 6
(23,17) (22,17) 8
(23,17) (24,17) 6
(24,17) (23,17) 8
(24,17) (25,17) 6
(25,17) (24,17) 7
(25,17) (26,17) 2
(26,17) (25,17) 2
(26,17) (27,17) 7
(27,17) (26,17) 5
(27,17) (28,17) 6
(28,17) (27,17) 7
(28,17) (29,17) 3
(29,17) (28,17) 3
(29,17) (30,17) 1
(30,17) (29,17) 3
(1,18) (2,18) 6
(2,18) (1,18) 10
(2,18) (3,18) 8
(3,18) (2,18) 8
(3,18) (4,18) 1
(4,18) (3,18) 2
(4,18) (5,18) 9
(5,18) (4,18) 6
(5,18) (6,18) 8
(6,18) (5,18) 8
(6,18) (7,18) 6
(7,18) (6,18) 5
(7,18) (8,18) 2
(8,18) (7,18) 3
(8,18) (9,18) 9
(9,18) (8,18) 10
(9,18) (10,18) 4
(10,18) (9,18) 1
(10,18) (11,18) 7
(11,18) (10,18) 6
(11,18) (12,18) 2
(12,18) (11,18) 6
(12,18) (13,18) 7
(13,18) (12,18) 7
(13,18) (14,18) 8
(14,18) (13,18) 9
(14,18) (15,18) 2
(15,18) (14,18) 8
(15,18) (16,18) 3
(16,18) (15,18) 8
(16,18) (17,18) 9
(17,18) (16,18) 1
(17,18) (18,18) 4
(18,18) (17,18) 3
(18,18) (19,18) 10
(19,18) (18,18) 10
(19,18) (20,18) 4
(20,18) (19,18) 4
(20,18) (21,18) 8
(21,18) (20,18) 10
(21,18) (22,18) 7
(22,18) (21,18) 2
(22,18) (23,18) 6
(23,18) (22,18) 8
(23,18) (24,18) 8
(24,18) (23,18) 8
(24,18) (25,18) 4
(25,18) (24,18) 5
(25,18) (26,18) 2
(26,18) (25,18) 4
(26,18) (27,18) 5
(27,18) (26,18) 4
(27,18) (28,18) 3
(28,18) (27,18) 6
(28,18) (29,18) 4
(29,18) (28,18) 6
(29,18) (30,18) 5
(30,18) (29,18) 1
(1,19) (2,19) 4
(2,19) (1,19) 4
(2,19) (3,19) 2
(3,19) (2,19) 2
(3,19) (4,19) 1
(4,19) (3,19) 2
(4,19) (5,19) 1
(5,19) (4,19) 2
(5,19) (6,19) 8
(6,19) (5,19) 6
(6,19) (7,19) 3
(7,19) (6,19) 6
(7,19) (8,19) 9
(8,19) (7,19) 5
(8,19) (9,19) 6
(9,19) (8,19) 3
(9,19) (10,19) 8
(10,19) (9,19) 9
(10,19) (11,19) 7
(11,19) (10,19) 6
(11,19) (12,19) 6
(12,19) (11,19) 6
(12,19) (13,19) 4
(13,19) (12,19) 3
(13,19) (14,19) 9
(14,19) (13,19) 8
(14,19) (15,19) 7
(15,19) (14,19) 7
(15,19) (16,19) 9
(16,19) (15,19) 9
(16,19) (17,19) 5
(17,19) (16,19) 5
(17,19) (18,19) 2
(18,19) (17,19) 8
(18,19) (19,19) 6
(19,19) (18,19) 9
(19,19) (20,19) 1
(20,19) (19,19) 7
(20,19) (21,19) 8
(21,19) (20,19) 3
(21,19) (22,19) 6
(22,19) (21,19) 9
(22,19) (23,19) 6
(23,19) (22,19) 2
(23,19) (24,19) 8
(24,19) (23,19) 1
(24,19) (25,19) 8
(25,19) (24,19) 5
(25,19) (26,19) 5
(26,19) (25,19) 2
(26,19) (27,19) 2
(27,19) (26,19) 10
(27,19) (28,19) 7
(28,19) (27,19) 1
(28,19) (29,19) 3
(29,19) (28,19) 10
(29,19) (30,19) 9
(30,19) (29,19) 7
(1,20) (2,20) 4
(2,20) (1,20) 10
(2,20) (3,20) 6
(3,20) (2,20) 8
(3,20) (4,20) 8
(4,20) (3,20) 10
(4,20) (5,20) 10
(5,20) (4,20) 1
(5,20) (6,20) 10
(6,20) (5,20) 8
(6,20) (7,20) 5
(7,20) (6,20) 1
(7,20) (8,20) 5
(8,20) (7,20) 4
(8,20) (9,20) 2
(9,20) (8,20) 9
(9,20) (10,20) 5
(10,20) (9,20) 6
(10,20) (11,20) 6
(11,20) (10,20) 1
(11,20) (12,20) 10
(12,20) (11,20) 5
(12,20) (13,20) 2
(13,20) (12,20) 2
(13,20) (14,20) 1
(14,20) (13,20) 1
(14,20) (15,20) 4
(15,20) (14,20) 9
(15,20) (16,20) 10
(16,20) (15,20) 5
(16,20) (17,20) 5
(17,20) (16,20) 7
(17,20) (18,20) 2
(18,20) (17,20) 1
(18,20) (19,20) 9
(19,20) (18,20) 8
(19,20) (20,20) 5
(20,20) (19,20) 4
(20,20) (21,20) 10
(21,20) (20,20) 9
(21,20) (22,20) 10
(22,20) (21,20) 9
(22,20) (23,20) 2
(23,20) (22,20) 2
(23,20) (24,20) 6
(24,20) (23,20) 2
(24,20) (25,20) 9
(25,20) (24,20) 4
(25,20) (26,20) 8
(26,20) (25,20) 6
(26,20) (27,20) 2
(27,20) (26,20) 8
(27,20) (28,20) 9
(28,20) (27,20) 7
(28,20) (29,20) 9
(29,20) (28,20) 3
(29,20) (30,20) 5
(30,20) (29,20) 8
(1,21) (2,21) 8
(2,21) (1,21) 5
(2,21) (3,21) 8
(3,21) (2,21) 4
(3,21) (4,21) 8
(4,21) (3,21) 1
(4,21) (5,21) 3
(5,21) (4,21) 9
(5,21) (6,21) 10
(6,21) (5,21) 6
(6,21) (7,21) 8
(7,21) (6,21) 8
(7,21) (8,21) 3
(8,21) (7,21) 6
(8,21) (9,21) 5
(9,21) (8,21) 7
(9,21) (10,21) 3
(10,21) (9,21) 3
(10,21) (11,21) 8
(11,21) (10,21) 6
(11,21) (12,21) 5
(12,21) (11,21) 1
(12,21) (13,21) 9
(13,21) (12,21) 1
(13,21) (14,21) 7
(14,21) (13,21) 4
(14,21) (15,21) 3
(15,21) (14,21) 9
(15,21) (16,21) 8
(16,21) (15,21) 9
(16,21) (17,21) 6
(17,21) (16,21) 1
(17,21) (18,21) 3
(18,21) (17,21) 1
(18,21) (19,21) 5
(19,21) (18,21) 2
(19,21) (20,21) 2
(20,21) (19,21) 5
(20,21) (21,21) 9
(21,21) (20,21) 4
(21,21) (22,21) 3
(22,21) (21,21) 7
(22,21) (23,21) 9
(23,21) (22,21) 7
(23,21) (24,21) 6
(24,21) (23,21) 4
(24,21) (25,21) 9
(25,21) (24,21) 3
(25,21) (26,21) 7
(26,21) (25,21) 7
(26,21) (27,21) 5
(27,21) (26,21) 2
(27,21) (28,21) 6
(28,21) (27,21) 2
(28,21) (29,21) 5
(29,21) (28,21) 9
(29,21) (30,21) 5
(30,21) (29,21) 2
(1,22) (2,22) 9
(2,22) (1,22) 1
(2,22) (3,22) 2
(3,22) (2,22) 3
(3,22) (4,22) 5
(4,22) (3,22) 9
(4,22) (5,22) 8
(5,22) (4,22) 10
(5,22) (6,22) 5
(6,22) (5,22) 7
(6,22) (7,22) 2
(7,22) (6,22) 7
(7,22) (8,22) 7
(8,22) (7,22) 10
(8,22) (9,22) 7
(9,22) (8,22) 6
(9,22) (10,22) 7
(10,22) (9,22) 6
(10,22) (11,22) 5
(11,22) (10,22) 9
(11,22) (12,22) 3
(12,22) (11,22) 2
(12,22) (13,22) 4
(13,22) (12,22) 8
(13,22) (14,22) 9
(14,22) (13,22) 1
(14,22) (15,22) 9
(15,22) (14,22) 1
(15,22) (16,22) 2
(16,22) (15,22) 9
(16,22) (17,22) 2
(17,22) (16,22) 5
(17,22) (18,22) 5
(18,22) (17,22) 3
(18,22) (19,22) 6
(19,22) (18,22) 7
(19,22) (20,22) 2
(20,22) (19,22) 9
(20,22) (21,22) 1
(21,22) (20,22) 6
(21,22) (22,22) 5
(22,22) (21,22) 1
(22,22) (23,22) 3
(23,22) (22,22) 5
(23,22) (24,22) 4
(24,22) (23,22) 4
(24,22) (25,22) 7
(25,22) (24,22) 9
(25,22) (26,22) 10
(26,22) (25,22) 6
(26,22) (27,22) 7
(27,22) (26,22) 5
(27,22) (28,22) 7
(28,22) (27,22) 6
(28,22) (29,22) 10
(29,22) (28,22) 9
(29,22) (30,22) 5
(30,22) (29,22) 1
(1,23) (2,23) 3
(2,23) (1,23) 9
(2,23) (3,23) 1
(3,23) (2,23) 2
(3,23) (4,23) 1
(4,23) (3,23) 1
(4,23) (5,23) 6
(5,23) (4,23) 3
(5,23) (6,23) 6
(6,23) (5,23) 7
(6,23) (7,23) 8
(7,23) (6,23) 10
(7,23) (8,23) 8
(8,23) (7,23) 4
(8,23) (9,23) 10
(9,23) (8,23) 4
(9,23) (10,23) 2
(10,23) (9,23) 9
(10,23) (11,23) 6
(11,23) (10,23) 10
(11,23) (12,23) 8
(12,23) (11,23) 10
(12,23) (13,23) 6
(13,23) (12,23) 3
(13,23) (14,23) 8
(14,23) (13,23) 6
(14,23) (15,23) 6
(15,23) (14,23) 8
(15,23) (16,23) 10
(16,23) (15,23) 9
(16,23) (17,23) 7
(17,23) (16,23) 7
(17,23) (18,23) 6
(18,23) (17,23) 8
(18,23) (19,23) 10
(19,23) (18,23) 5
(19,23) (20,23) 8
(20,23) (19,23) 5
(20,23) (21,23) 4
(21,23) (20,23) 7
(21,23) (22,23) 8
(22,23) (21,23) 8
(22,23) (23,23) 4
(23,23) (22,23) 1
(23,23) (24,23) 4
(24,23) (23,23) 9
(24,23) (25,23) 1
(25,23) (24,23) 6
(25,23) (26,23) 8
(26,23) (25,23) 8
(26,23) (27,23) 8
(27,23) (26,23) 8
(27,23) (28,23) 4
(28,23) (27,23) 8
(28,23) (29,23) 9
(29,23) (28,23) 10
(29,23) (30,23) 8
(30,23) (29,23) 9
(1,24) (2,24) 7
(2,24) (1,24) 8
(2,24) (3,24) 5
(3,24) (2,24) 2
(3,24) (4,24) 10
(4,24) (3,24) 7
(4,24) (5,24) 4
(5,24) (4,24) 10
(5,24) (6,24) 8
(6,24) (5,24) 3
(6,24) (7,24) 6
(7,24) (6,24) 2
(7,24) (8,24) 10
(8,24) (7,24) 6
(8,24) (9,24) 4
(9,24) (8,24) 6
(9,24) (10,24) 10
(10,24) (9,24) 4
(10,24) (11,24) 2
(11,24) (10,24) 8
(11,24) (12,24) 1
(12,24) (11,24) 4
(12,24) (13,24) 8
(13,24) (12,24) 2
(13,24) (14,24) 2
(14,24) (13,24) 7
(14,24) (15,24) 3
(15,24) (14,24) 6
(15,24) (16,24) 5
(16,24) (15,24) 9
(16,24) (17,24) 8
(17,24) (16,24) 4
(17,24) (18,24) 2
(18,24) (17,24) 4
(18,24) (19,24) 2
(19,24) (18,24) 1
(19,24) (20,24) 10
(20,24) (19,24) 8
(20,24) (21,24) 9
(21,24) (20,24) 9
(21,24) (22,24) 1
(22,24) (21,24) 10
(22,24) (23,24) 2
(23,24) (22,24) 8
(23,24) (24,24) 10
(24,24) (23,24) 10
(24,24) (25,24) 9
(25,24) (24,24) 5
(25,24) (26,24) 5
(26,24) (25,24) 4
(26,24) (27,24) 5
(27,24) (26,24) 2
(27,24) (28,24) 9
(28,24) (27,24) 6
(28,24) (29,24) 5
(29,24) (28,24) 2
(29,24) (30,24) 5
(30,24) (29,24) 10
(1,25) (2,25) 6
(2,25) (1,25) 3
(2,25) (3,25) 1
(3,25) (2,25) 6
(3,25) (4,25) 4
(4,25) (3,25) 7
(4,25) (5,25) 1
(5,25) (4,25) 8
(5,25) (6,25) 7
(6,25) (5,25) 5
(6,25) (7,25) 2
(7,25) (6,25) 7
(7,25) (8,25) 6
(8,25) (7,25) 9
(8,25) (9,25) 10
(9,25) (8,25) 3
(9,25) (10,25) 4
(10,25) (9,25) 6
(10,25) (11,25) 5
(11,25) (10,25) 5
(11,25) (12,25) 10
(12,25) (11,25) 8
(12,25) (13,25) 2
(13,25) (12,25) 1
(13,25) (14,25) 7
(14,25) (13,25) 1
(14,25) (15,25) 10
(15,25) (14,25) 2
(15,25) (16,25) 10
(16,25) (15,25) 4
(16,25) (17,25) 3
(17,25) (16,25) 1
(17,25) (18,25) 1
(18,25) (17,25) 6
(18,25) (19,25) 5
(19,25) (18,25) 5
(19,25) (20,25) 5
(20,25) (19,25) 1
(20,25) (21,25) 10
(21,25) (20,25) 9
(21,25) (22,25) 8
(22,25) (21,25) 2
(22,25) (23,25) 2
(23,25) (22,25) 10
(23,25) (24,25) 10
(24,25) (23,25) 5
(24,25) (25,25) 8
(25,25) (24,25) 5
(25,25) (26,25) 5
(26,25) (25,25) 7
(26,25) (27,25) 3
(27,25) (26,25) 8
(27,25) (28,25) 5
(28,25) (27,25) 3
(28,25) (29,25) 9
(29,25) (28,25) 5
(29,25) (30,25) 2
(30,25) (29,25) 2
(1,25) t 8
(2,25) t 6
(3,25) t 6
(4,25) t 10
(5,25) t 3
(6,25) t 4
(7,25) t 5
(8,25) t 7
(9,25) t 7
(10,25) t 2
(11,25) t 3
(12,25) t 2
(13,25) t 1
(14,25) t 3
(15,25) t 7
(16,25) t 3
(17,25) t 5
(18,25) t 9
(19,25) t 1
(20,25) t 10
(21,25) t 7
(22,25) t 9
(23,25) t 5
(24,25) t 10
(25,25) t 9
(26,25) t 4
(27,25) t 4
(28,25) t 8
(29,25) t 8
(30,25) t 2
