s (1,1) 8
s (2,1) 8
s (3,1) 4
s (4,1) 2
s (5,1) 9
s (6,1) 6
s (7,1) 2
s (8,1) 9
s (9,1) 9
s (10,1) 6
s (11,1) 6
s (12,1) 1
s (13,1) 4
s (14,1) 10
s (15,1) 10
s (16,1) 5
s (17,1) 6
s (18,1) 8
s (19,1) 3
s (20,1) 1
s (21,1) 5
s (22,1) 10
s (23,1) 1
s (24,1) 4
s (25,1) 3
s (26,1) 8
s (27,1) 2
s (28,1) 8
s (29,1) 3
s (30,1) 6
s (31,1) 3
s (32,1) 2
s (33,1) 1
s (34,1) 7
s (35,1) 7
s (36,1) 1
s (37,1) 7
s (38,1) 3
s (39,1) 1
s (40,1) 9
s (41,1) 10
s (42,1) 1
s (43,1) 1
s (44,1) 7
s (45,1) 9
s (46,1) 4
s (47,1) 9
s (48,1) 3
s (49,1) 3
s (50,1) 10
(1,1) (1,2) 6
(2,1) (2,2) 5
(3,1) (3,2) 2
(4,1) (4,2) 5
(5,1) (5,2) 8
(6,1) (6,2) 6
(7,1) (7,2) 9
(8,1) (8,2) 10
(9,1) (9,2) 6
(10,1) (10,2) 7
(11,1) (11,2) 3
(12,1) (12,2) 3
(13,1) (13,2) 8
(14,1) (14,2) 1
(15,1) (15,2) 1
(16,1) (16,2) 10
(17,1) (17,2) 8
(18,1) (18,2) 2
(19,1) (19,2) 10
(20,1) (20,2) 1
(21,1) (21,2) 8
(22,1) (22,2) 7
(23,1) (23,2) 1
(24,1) (24,2) 5
(25,1) (25,2) 5
(26,1) (26,2) 1
(27,1) (27,2) 7
(28,1) (28,2) 3
(29,1) (29,2) 8
(30,1) (30,2) 7
(31,1) (31,2) 4
(32,1) (32,2) 1
(33,1) (33,2) 8
(34,1) (34,2) 5
(35,1) (35,2) 10
(36,1) (36,2) 5
(37,1) (37,2) 3
(38,1) (38,2) 7
(39,1) (39,2) 4
(40,1) (40,2) 3
(41,1) (41,2) 10
(42,1) (42,2) 5
(43,1) (43,2) 5
(44,1) (44,2) 1
(45,1) (45,2) 3
(46,1) (46,2) 2
(47,1) (47,2) 4
(48,1) (48,2) 9
(49,1) (49,2) 10
(50,1) (50,2) 7
(1,2) (1,3) 9
(2,2) (2,3) 3
(3,2) (3,3) 8
(4,2) (4,3) 9
(5,2) (5,3) 1
(6,2) (6,3) 2
(7,2) (7,3) 7
(8,2) (8,3) 7
(9,2) (9,3) 9
(10,2) (10,3) 3
(11,2) (11,3) 6
(12,2) (12,3) 8
(13,2) (13,3) 1
(14,2) (14,3) 8
(15,2) (15,3) 10
(16,2) (16,3) 5
(17,2) (17,3) 5
(18,2) (18,3) 6
(19,2) (19,3) 7
(20,2) (20,3) 1
(21,2) (21,3) 3
(22,2) (22,3) 2
(23,2) (23,3) 6
(24,2) (24,3) 8
(25,2) (25,3) 10
(26,2) (26,3) 9
(27,2) (27,3) 6
(28,2) (28,3) 6
(29,2) (29,3) 9
(30,2) (30,3) 7
(31,2) (31,3) 1
(32,2) (32,3) 6
(33,2) (33,3) 7
(34,2) (34,3) 10
(35,2) (35,3) 5
(36,2) (36,3) 4
(37,2) (37,3) 9
(38,2) (38,3) 6
(39,2) (39,3) 3
(40,2) (40,3) 1
(41,2) (41,3) 2
(42,2) (42,3) 1
(43,2) (43,3) 6
(44,2) (44,3) 8
(45,2) (45,3) 1
(46,2) (46,3) 3
(47,2) (47,3) 10
(48,2) (48,3) 2
(49,2) (49,3) 8
(50,2) (50,3) 7
(1,3) (1,4) 8
(2,3) (2,4) 4
(3,3) (3,4) 10
(4,3) (4,4) 5
(5,3) (5,4) 9
(6,3) (6,4) 8
(7,3) (7,4) 10
(8,3) (8,4) 6
(9,3) (9,4) 4
(10,3) (10,4) 8
(11,3) (11,4) 2
(12,3) (12,4) 5
(13,3) (13,4) 10
(14,3) (14,4) 9
(15,3) (15,4) 5
(16,3) (16,4) 2
(17,3) (17,4) 5
(18,3) (18,4) 4
(19,3) (19,4) 5
(20,3) (20,4) 2
(21,3) (21,4) 5
(22,3) (22,4) 5
(23,3) (23,4) 5
(24,3) (24,4) 2
(25,3) (25,4) 8
(26,3) (26,4) 8
(27,3) (27,4) 10
(28,3) (28,4) 8
(29,3) (29,4) 2
(30,3) (30,4) 3
(31,3) (31,4) 4
(32,3) (32,4) 1
(33,3) (33,4) 7
(34,3) (34,4) 9
(35,3) (35,4) 4
(36,3) (36,4) 4
(37,3) (37,4) 4
(38,3) (38,4) 3
(39,3) (39,4) 6
(40,3) (40,4) 2
(41,3) (41,4) 8
(42,3) (42,4) 1
(43,3) (43,4) 5
(44,3) (44,4) 6
(45,3) (45,4) 6
(46,3) (46,4) 5
(47,3) (47,4) 9
(48,3) (48,4) 10
(49,3) (49,4) 9
(50,3) (50,4) 6
(1,4) (1,5) 4
(2,4) (2,5) 3
(3,4) (3,5) 3
(4,4) (4,5) 7
(5,4) (5,5) 7
(6,4) (6,5) 6
(7,4) (7,5) 5
(8,4) (8,5) 10
(9,4) (9,5) 2
(10,4) (10,5) 10
(11,4) (11,5) 4
(12,4) (12,5) 2
(13,4) (13,5) 1
(14,4) (14,5) 4
(15,4) (15,5) 9
(16,4) (16,5) 5
(17,4) (17,5) 3
(18,4) (18,5) 6
(19,4) (19,5) 9
(20,4) (20,5) 9
(21,4) (21,5) 3
(22,4) (22,5) 9
(23,4) (23,5) 4
(24,4) (24,5) 4
(25,4) (25,5) 4
(26,4) (26,5) 7
(27,4) (27,5) 2
(28,4) (28,5) 9
(29,4) (29,5) 6
(30,4) (30,5) 4
(31,4) (31,5) 5
(32,4) (32,5) 6
(33,4) (33,5) 4
(34,4) (34,5) 3
(35,4) (35,5) 10
(36,4) (36,5) 9
(37,4) (37,5) 5
(38,4) (38,5) 2
(39,4) (39,5) 8
(40,4) (40,5) 5
(41,4) (41,5) 10
(42,4) (42,5) 7
(43,4) (43,5) 2
(44,4) (44,5) 5
(45,4) (45,5) 9
(46,4) (46,5) 3
(47,4) (47,5) 7
(48,4) (48,5) 6
(49,4) (49,5) 3
(50,4) (50,5) 1
(1,5) (1,6) 1
(2,5) (2,6) 2
(3,5) (3,6) 6
(4,5) (4,6) 6
(5,5) (5,6) 3
(6,5) (6,6) 6
(7,5) (7,6) 8
(8,5) (8,6) 5
(9,5) (9,6) 6
(10,5) (10,6) 9
(11,5) (11,6) 7
(12,5) (12,6) 9
(13,5) (13,6) 1
(14,5) (14,6) 9
(15,5) (15,6) 5
(16,5) (16,6) 8
(17,5) (17,6) 7
(18,5) (18,6) 1
(19,5) (19,6) 7
(20,5) (20,6) 4
(21,5) (21,6) 3
(22,5) (22,6) 7
(23,5) (23,6) 8
(24,5) (24,6) 7
(25,5) (25,6) 9
(26,5) (26,6) 8
(27,5) (27,6) 6
(28,5) (28,6) 4
(29,5) (29,6) 8
(30,5) (30,6) 4
(31,5) (31,6) 8
(32,5) (32,6) 1
(33,5) (33,6) 7
(34,5) (34,6) 6
(35,5) (35,6) 4
(36,5) (36,6) 2
(37,5) (37,6) 8
(38,5) (38,6) 10
(39,5) (39,6) 5
(40,5) (40,6) 6
(41,5) (41,6) 6
(42,5) (42,6) 4
(43,5) (43,6) 10
(44,5) (44,6) 2
(45,5) (45,6) 7
(46,5) (46,6) 9
(47,5) (47,6) 10
(48,5) (48,6) 5
(49,5) (49,6) 1
(50,5) (50,6) 1
(1,6) (1,7) 6
(2,6) (2,7) 3
(3,6) (3,7) 5
(4,6) (4,7) 9
(5,6) (5,7) 5
(6,6) (6,7) 9
(7,6) (7,7) 1
(8,6) (8,7) 6
(9,6) (9,7) 9
(10,6) (10,7) 4
(11,6) (11,7) 10
(12,6) (12,7) 10
(13,6) (13,7) 1
(14,6) (14,7) 5
(15,6) (15,7) 10
(16,6) (16,7) 1
(17,6) (17,7) 7
(18,6) (18,7) 3
(19,6) (19,7) 3
(20,6) (20,7) 8
(21,6) (21,7) 6
(22,6) (22,7) 2
(23,6) (23,7) 2
(24,6) (24,7) 5
(25,6) (25,7) 4
(26,6) (26,7) 7
(27,6) (27,7) 6
(28,6) (28,7) 6
(29,6) (29,7) 1
(30,6) (30,7) 4
(31,6) (31,7) 2
(32,6) (32,7) 5
(33,6) (33,7) 3
(34,6) (34,7) 8
(35,6) (35,7) 5
(36,6) (36,7) 2
(37,6) (37,7) 3
(38,6) (38,7) 4
(39,6) (39,7) 10
(40,6) (40,7) 9
(41,6) (41,7) 3
(42,6) (42,7) 3
(43,6) (43,7) 5
(44,6) (44,7) 9
(45,6) (45,7) 8
(46,6) (46,7) 4
(47,6) (47,7) 8
(48,6) (48,7) 9
(49,6) (49,7) 6
(50,6) (50,7) 6
(1,7) (1,8) 1
(2,7) (2,8) 6
(3,7) (3,8) 6
(4,7) (4,8) 5
(5,7) (5,8) 3
(6,7) (6,8) 2
(7,7) (7,8) 1
(8,7) (8,8) 7
(9,7) (9,8) 1
(10,7) (10,8) 9
(11,7) (11,8) 10
(12,7) (12,8) 1
(13,7) (13,8) 10
(14,7) (14,8) 3
(15,7) (15,8) 6
(16,7) (16,8) 7
(17,7) (17,8) 5
(18,7) (18,8) 5
(19,7) (19,8) 8
(20,7) (20,8) 5
(21,7) (21,8) 1
(22,7) (22,8) 2
(23,7) (23,8) 8
(24,7) (24,8) 6
(25,7) (25,8) 6
(26,7) (26,8) 2
(27,7) (27,8) 9
(28,7) (28,8) 10
(29,7) (29,8) 9
(30,7) (30,8) 3
(31,7) (31,8) 8
(32,7) (32,8) 1
(33,7) (33,8) 7
(34,7) (34,8) 7
(35,7) (35,8) 6
(36,7) (36,8) 3
(37,7) (37,8) 9
(38,7) (38,8) 6
(39,7) (39,8) 9
(40,7) (40,8) 6
(41,7) (41,8) 5
(42,7) (42,8) 4
(43,7) (43,8) 9
(44,7) (44,8) 3
(45,7) (45,8) 3
(46,7) (46,8) 4
(47,7) (47,8) 7
(48,7) (48,8) 9
(49,7) (49,8) 10
(50,7) (50,8) 7
(1,8) (1,9) 8
(2,8) (2,9) 3
(3,8) (3,9) 4
(4,8) (4,9) 5
(5,8) (5,9) 6
(6,8) (6,9) 4
(7,8) (7,9) 2
(8,8) (8,9) 3
(9,8) (9,9) 4
(10,8) (10,9) 7
(11,8) (11,9) 3
(12,8) (12,9) 3
(13,8) (13,9) 2
(14,8) (14,9) 7
(15,8) (15,9) 1
(16,8) (16,9) 5
(17,8) (17,9) 7
(18,8) (18,9) 2
(19,8) (19,9) 10
(20,8) (20,9) 9
(21,8) (21,9) 2
(22,8) (22,9) 4
(23,8) (23,9) 6
(24,8) (24,9) 9
(25,8) (25,9) 2
(26,8) (26,9) 9
(27,8) (27,9) 3
(28,8) (28,9) 8
(29,8) (29,9) 9
(30,8) (30,9) 2
(31,8) (31,9) 9
(32,8) (32,9) 3
(33,8) (33,9) 2
(34,8) (34,9) 8
(35,8) (35,9) 8
(36,8) (36,9) 1
(37,8) (37,9) 2
(38,8) (38,9) 1
(39,8) (39,9) 10
(40,8) (40,9) 9
(41,8) (41,9) 7
(42,8) (42,9) 8
(43,8) (43,9) 9
(44,8) (44,9) 4
(45,8) (45,9) 3
(46,8) (46,9) 5
(47,8) (47,9) 10
(48,8) (48,9) 3
(49,8) (49,9) 1
(50,8) (50,9) 2
(1,9) (1,10) 1
(2,9) (2,10) 7
(3,9) (3,10) 2
(4,9) (4,10) 5
(5,9) (5,10) 5
(6,9) (6,10) 10
(7,9) (7,10) 3
(8,9) (8,10) 1
(9,9) (9,10) 5
(10,9) (10,10) 2
(11,9) (11,10) 2
(12,9) (12,10) 10
(13,9) (13,10) 2
(14,9) (14,10) 6
(15,9) (15,10) 10
(16,9) (16,10) 6
(17,9) (17,10) 5
(18,9) (18,10) 2
(19,9) (19,10) 10
(20,9) (20,10) 6
(21,9) (21,10) 10
(22,9) (22,10) 4
(23,9) (23,10) 7
(24,9) (24,10) 2
(25,9) (25,10) 10
(26,9) (26,10) 8
(27,9) (27,10) 4
(28,9) (28,10) 1
(29,9) (29,10) 5
(30,9) (30,10) 1
(31,9) (31,10) 3
(32,9) (32,10) 8
(33,9) (33,10) 2
(34,9) (34,10) 8
(35,9) (35,10) 8
(36,9) (36,10) 7
(37,9) (37,10) 1
(38,9) (38,10) 5
(39,9) (39,10) 10
(40,9) (40,10) 7
(41,9) (41,10) 4
(42,9) (42,10) 2
(43,9) (43,10) 5
(44,9) (44,10) 4
(45,9) (45,10) 2
(46,9) (46,10) 5
(47,9) (47,10) 3
(48,9) (48,10) 9
(49,9) (49,10) 9
(50,9) (50,10) 4
(1,10) (1,11) 5
(2,10) (2,11) 1
(3,10) (3,11) 1
(4,10) (4,11) 7
(5,10) (5,11) 4
(6,10) (6,11) 6
(7,10) (7,11) 9
(8,10) (8,11) 10
(9,10) (9,11) 6
(10,10) (10,11) 5
(11,10) (11,11) 4
(12,10) (12,11) 4
(13,10) (13,11) 5
(14,10) (14,11) 8
(15,10) (15,11) 1
(16,10) (16,11) 8
(17,10) (17,11) 4
(18,10) (18,11) 6
(19,10) (19,11) 5
(20,10) (20,11) 3
(21,10) (21,11) 6
(22,10) (22,11) 6
(23,10) (23,11) 7
(24,10) (24,11) 9
(25,10) (25,11) 3
(26,10) (26,11) 1
(27,10) (27,11) 8
(28,10) (28,11) 7
(29,10) (29,11) 3
(30,10) (30,11) 9
(31,10) (31,11) 5
(32,10) (32,11) 3
(33,10) (33,11) 2
(34,10) (34,11) 6
(35,10) (35,11) 6
(36,10) (36,11) 4
(37,10) (37,11) 8
(38,10) (38,11) 1
(39,10) (39,11) 10
(40,10) (40,11) 2
(41,10) (41,11) 7
(42,10) (42,11) 6
(43,10) (43,11) 10
(44,10) (44,11) 2
(45,10) (45,11) 5
(46,10) (46,11) 6
(47,10) (47,11) 10
(48,10) (48,11) 1
(49,10) (49,11) 5
(50,10) (50,11) 5
(1,11) (1,12) 5
(2,11) (2,12) 4
(3,11) (3,12) 9
(4,11) (4,12) 3
(5,11) (5,12) 6
(6,11) (6,12) 1
(7,11) (7,12) 2
(8,11) (8,12) 4
(9,11) (9,12) 8
(10,11) (10,12) 9
(11,11) (11,12) 10
(12,11) (12,12) 5
(13,11) (13,12) 3
(14,11) (14,12) 1
(15,11) (15,12) 3
(16,11) (16,12) 10
(17,11) (17,12) 7
(18,11) (18,12) 10
(19,11) (19,12) 9
(20,11) (20,12) 2
(21,11) (21,12) 6
(22,11) (22,12) 8
(23,11) (23,12) 8
(24,11) (24,12) 7
(25,11) (25,12) 4
(26,11) (26,12) 6
(27,11) (27,12) 1
(28,11) (28,12) 9
(29,11) (29,12) 6
(30,11) (30,12) 3
(31,11) (31,12) 8
(32,11) (32,12) 1
(33,11) (33,12) 1
(34,11) (34,12) 2
(35,11) (35,12) 5
(36,11) (36,12) 4
(37,11) (37,12) 9
(38,11) (38,12) 3
(39,11) (39,12) 3
(40,11) (40,12) 7
(41,11) (41,12) 1
(42,11) (42,12) 6
(43,11) (43,12) 7
(44,11) (44,12) 9
(45,11) (45,12) 9
(46,11) (46,12) 8
(47,11) (47,12) 1
(48,11) (48,12) 4
(49,11) (49,12) 9
(50,11) (50,12) 10
(1,12) (1,13) 7
(2,12) (2,13) 9
(3,12) (3,13) 2
(4,12) (4,13) 5
(5,12) (5,13) 6
(6,12) (6,13) 4
(7,12) (7,13) 3
(8,12) (8,13) 9
(9,12) (9,13) 4
(10,12) (10,13) 2
(11,12) (11,13) 2
(12,12) (12,13) 8
(13,12) (13,13) 4
(14,12) (14,13) 1
(15,12) (15,13) 1
(16,12) (16,13) 10
(17,12) (17,13) 4
(18,12) (18,13) 5
(19,12) (19,13) 8
(20,12) (20,13) 10
(21,12) (21,13) 10
(22,12) (22,13) 4
(23,12) (23,13) 8
(24,12) (24,13) 8
(25,12) (25,13) 8
(26,12) (26,13) 9
(27,12) (27,13) 1
(28,12) (28,13) 2
(29,12) (29,13) 1
(30,12) (30,13) 7
(31,12) (31,13) 5
(32,12) (32,13) 5
(33,12) (33,13) 10
(34,12) (34,13) 10
(35,12) (35,13) 2
(36,12) (36,13) 1
(37,12) (37,13) 5
(38,12) (38,13) 4
(39,12) (39,13) 2
(40,12) (40,13) 8
(41,12) (41,13) 8
(42,12) (42,13) 5
(43,12) (43,13) 3
(44,12) (44,13) 2
(45,12) (45,13) 2
(46,12) (46,13) 7
(47,12) (47,13) 3
(48,12) (48,13) 5
(49,12) (49,13) 1
(50,12) (50,13) 1
(1,13) (1,14) 10
(2,13) (2,14) 4
(3,13) (3,14) 3
(4,13) (4,14) 6
(5,13) (5,14) 6
(6,13) (6,14) 8
(7,13) (7,14) 7
(8,13) (8,14) 2
(9,13) (9,14) 5
(10,13) (10,14) 1
(11,13) (11,14) 2
(12,13) (12,14) 3
(13,13) (13,14) 8
(14,13) (14,14) 4
(15,13) (15,14) 4
(16,13) (16,14) 9
(17,13) (17,14) 10
(18,13) (18,14) 5
(19,13) (19,14) 10
(20,13) (20,14) 1
(21,13) (21,14) 9
(22,13) (22,14) 2
(23,13) (23,14) 3
(24,13) (24,14) 10
(25,13) (25,14) 7
(26,13) (26,14) 5
(27,13) (27,14) 2
(28,13) (28,14) 1
(29,13) (29,14) 4
(30,13) (30,14) 4
(31,13) (31,14) 2
(32,13) (32,14) 8
(33,13) (33,14) 6
(34,13) (34,14) 5
(35,13) (35,14) 8
(36,13) (36,14) 6
(37,13) (37,14) 6
(38,13) (38,14) 2
(39,13) (39,14) 8
(40,13) (40,14) 5
(41,13) (41,14) 4
(42,13) (42,14) 7
(43,13) (43,14) 7
(44,13) (44,14) 10
(45,13) (45,14) 8
(46,13) (46,14) 6
(47,13) (47,14) 6
(48,13) (48,14) 10
(49,13) (49,14) 6
(50,13) (50,14) 7
(1,14) (1,15) 7
(2,14) (2,15) 2
(3,14) (3,15) 6
(4,14) (4,15) 4
(5,14) (5,15) 1
(6,14) (6,15) 9
(7,14) (7,15) 7
(8,14) (8,15) 5
(9,14) (9,15) 1
(10,14) (10,15) 7
(11,14) (11,15) 7
(12,14) (12,15) 5
(13,14) (13,15) 9
(14,14) (14,15) 8
(15,14) (15,15) 1
(16,14) (16,15) 3
(17,14) (17,15) 5
(18,14) (18,15) 9
(19,14) (19,15) 4
(20,14) (20,15) 1
(21,14) (21,15) 9
(22,14) (22,15) 8
(23,14) (23,15) 5
(24,14) (24,15) 10
(25,14) (25,15) 3
(26,14) (26,15) 7
(27,14) (27,15) 2
(28,14) (28,15) 4
(29,14) (29,15) 10
(30,14) (30,15) 5
(31,14) (31,15) 4
(32,14) (32,15) 7
(33,14) (33,15) 2
(34,14) (34,15) 10
(35,14) (35,15) 4
(36,14) (36,15) 7
(37,14) (37,15) 6
(38,14) (38,15) 3
(39,14) (39,15) 4
(40,14) (40,15) 8
(41,14) (41,15) 6
(42,14) (42,15) 10
(43,14) (43,15) 10
(44,14) (44,15) 9
(45,14) (45,15) 6
(46,14) (46,15) 2
(47,14) (47,15) 7
(48,14) (48,15) 8
(49,14) (49,15) 3
(50,14) (50,15) 7
(1,15) (1,16) 4
(2,15) (2,16) 5
(3,15) (3,16) 6
(4,15) (4,16) 9
(5,15) (5,16) 1
(6,15) (6,16) 6
(7,15) (7,16) 3
(8,15) (8,16) 5
(9,15) (9,16) 3
(10,15) (10,16) 5
(11,15) (11,16) 6
(12,15) (12,16) 8
(13,15) (13,16) 1
(14,15) (14,16) 3
(15,15) (15,16) 7
(16,15) (16,16) 7
(17,15) (17,16) 4
(18,15) (18,16) 2
(19,15) (19,16) 1
(20,15) (20,16) 3
(21,15) (21,16) 4
(22,15) (22,16) 2
(23,15) (23,16) 6
(24,15) (24,16) 7
(25,15) (25,16) 2
(26,15) (26,16) 5
(27,15) (27,16) 9
(28,15) (28,16) 7
(29,15) (29,16) 2
(30,15) (30,16) 10
(31,15) (31,16) 4
(32,15) (32,16) 10
(33,15) (33,16) 7
(34,15) (34,16) 3
(35,15) (35,16) 7
(36,15) (36,16) 9
(37,15) (37,16) 6
(38,15) (38,16) 4
(39,15) (39,16) 3
(40,15) (40,16) 3
(41,15) (41,16) 7
(42,15) (42,16) 10
(43,15) (43,16) 1
(44,15) (44,16) 8
(45,15) (45,16) 1
(46,15) (46,16) 3
(47,15) (47,16) 8
(48,15) (48,16) 10
(49,15) (49,16) 1
(50,15) (50,16) 6
(1,16) (1,17) 10
(2,16) (2,17) 5
(3,16) (3,17) 1
(4,16) (4,17) 9
(5,16) (5,17) 6
(6,16) (6,17) 1
(7,16) (7,17) 9
(8,16) (8,17) 2
(9,16) (9,17) 1
(10,16) (10,17) 3
(11,16) (11,17) 4
(12,16) (12,17) 9
(13,16) (13,17) 9
(14,16) (14,17) 5
(15,16) (15,17) 8
(16,16) (16,17) 4
(17,16) (17,17) 1
(18,16) (18,17) 8
(19,16) (19,17) 2
(20,16) (20,17) 4
(21,16) (21,17) 4
(22,16) (22,17) 7
(23,16) (23,17) 3
(24,16) (24,17) 8
(25,16) (25,17) 8
(26,16) (26,17) 5
(27,16) (27,17) 1
(28,16) (28,17) 6
(29,16) (29,17) 10
(30,16) (30,17) 1
(31,16) (31,17) 3
(32,16) (32,17) 2
(33,16) (33,17) 4
(34,16) (34,17) 5
(35,16) (35,17) 6
(36,16) (36,17) 4
(37,16) (37,17) 10
(38,16) (38,17) 3
(39,16) (39,17) 2
(40,16) (40,17) 10
(41,16) (41,17) 9
(42,16) (42,17) 10
(43,16) (43,17) 10
(44,16) (44,17) 2
(45,16) (45,17) 7
(46,16) (46,17) 2
(47,16) (47,17) 8
(48,16) (48,17) 9
(49,16) (49,17) 8
(50,16) (50,17) 2
(1,17) (1,18) 9
(2,17) (2,18) 9
(3,17) (3,18) 9
(4,17) (4,18) 9
(5,17) (5,18) 2
(6,17) (6,18) 8
(7,17) (7,18) 3
(8,17) (8,18) 9
(9,17) (9,18) 7
(10,17) (10,18) 4
(11,17) (11,18) 1
(12,17) (12,18) 8
(13,17) (13,18) 9
(14,17) (14,18) 1
(15,17) (15,18) 10
(16,17) (16,18) 2
(17,17) (17,18) 10
(18,17) (18,18) 3
(19,17) (19,18) 7
(20,17) (20,18) 5
(21,17) (21,18) 6
(22,17) (22,18) 7
(23,17) (23,18) 1
(24,17) (24,18) 2
(25,17) (25,18) 6
(26,17) (26,18) 4
(27,17) (27,18) 3
(28,17) (28,18) 10
(29,17) (29,18) 8
(30,17) (30,18) 10
(31,17) (31,18) 8
(32,17) (32,18) 2
(33,17) (33,18) 1
(34,17) (34,18) 1
(35,17) (35,18) 10
(36,17) (36,18) 8
(37,17) (37,18) 10
(38,17) (38,18) 6
(39,17) (39,18) 5
(40,17) (40,18) 7
(41,17) (41,18) 5
(42,17) (42,18) 8
(43,17) (43,18) 8
(44,17) (44,18) 9
(45,17) (45,18) 8
(46,17) (46,18) 1
(47,17) (47,18) 7
(48,17) (48,18) 6
(49,17) (49,18) 4
(50,17) (50,18) 7
(1,18) (1,19) 1
(2,18) (2,19) 7
(3,18) (3,19) 6
(4,18) (4,19) 4
(5,18) (5,19) 2
(6,18) (6,19) 2
(7,18) (7,19) 10
(8,18) (8,19) 5
(9,18) (9,19) 8
(10,18) (10,19) 8
(11,18) (11,19) 6
(12,18) (12,19) 7
(13,18) (13,19) 2
(14,18) (14,19) 1
(15,18) (15,19) 10
(16,18) (16,19) 9
(17,18) (17,19) 10
(18,18) (18,19) 7
(19,18) (19,19) 8
(20,18) (20,19) 3
(21,18) (21,19) 2
(22,18) (22,19) 6
(23,18) (23,19) 8
(24,18) (24,19) 10
(25,18) (25,19) 10
(26,18) (26,19) 2
(27,18) (27,19) 8
(28,18) (28,19) 7
(29,18) (29,19) 4
(30,18) (30,19) 3
(31,18) (31,19) 9
(32,18) (32,19) 5
(33,18) (33,19) 10
(34,18) (34,19) 1
(35,18) (35,19) 3
(36,18) (36,19) 4
(37,18) (37,19) 5
(38,18) (38,19) 5
(39,18) (39,19) 7
(40,18) (40,19) 8
(41,18) (41,19) 4
(42,18) (42,19) 2
(43,18) (43,19) 6
(44,18) (44,19) 9
(45,18) (45,19) 1
(46,18) (46,19) 1
(47,18) (47,19) 6
(48,18) (48,19) 1
(49,18) (49,19) 3
(50,18) (50,19) 10
(1,19) (1,20) 9
(2,19) (2,20) 9
(3,19) (3,20) 1
(4,19) (4,20) 4
(5,19) (5,20) 6
(6,19) (6,20) 6
(7,19) (7,20) 2
(8,19) (8,20) 1
(9,19) (9,20) 2
(10,19) (10,20) 9
(11,19) (11,20) 3
(12,19) (12,20) 5
(13,19) (13,20) 2
(14,19) (14,20) 5
(15,19) (15,20) 8
(16,19) (16,20) 8
(17,19) (17,20) 9
(18,19) (18,20) 8
(19,19) (19,20) 2
(20,19) (20,20) 9
(21,19) (21,20) 5
(22,19) (22,20) 4
(23,19) (23,20) 4
(24,19) (24,20) 1
(25,19) (25,20) 7
(26,19) (26,20) 3
(27,19) (27,20) 7
(28,19) (28,20) 2
(29,19) (29,20) 4
(30,19) (30,20) 1
(31,19) (31,20) 7
(32,19) (32,20) 9
(33,19) (33,20) 7
(34,19) (34,20) 3
(35,19) (35,20) 10
(36,19) (36,20) 5
(37,19) (37,20) 7
(38,19) (38,20) 9
(39,19) (39,20) 7
(40,19) (40,20) 9
(41,19) (41,20) 3
(42,19) (42,20) 8
(43,19) (43,20) 5
(44,19) (44,20) 10
(45,19) (45,20) 2
(46,19) (46,20) 6
(47,19) (47,20) 7
(48,19) (48,20) 7
(49,19) (49,20) 10
(50,19) (50,20) 7
(1,20) (1,21) 10
(2,20) (2,21) 8
(3,20) (3,21) 6
(4,20) (4,21) 5
(5,20) (5,21) 9
(6,20) (6,21) 9
(7,20) (7,21) 7
(8,20) (8,21) 1
(9,20) (9,21) 9
(10,20) (10,21) 1
(11,20) (11,21) 4
(12,20) (12,21) 3
(13,20) (13,21) 3
(14,20) (14,21) 3
(15,20) (15,21) 3
(16,20) (16,21) 7
(17,20) (17,21) 2
(18,20) (18,21) 5
(19,20) (19,21) 7
(20,20) (20,21) 7
(21,20) (21,21) 9
(22,20) (22,21) 5
(23,20) (23,21) 6
(24,20) (24,21) 8
(25,20) (25,21) 2
(26,20) (26,21) 6
(27,20) (27,21) 7
(28,20) (28,21) 7
(29,20) (29,21) 10
(30,20) (30,21) 1
(31,20) (31,21) 3
(32,20) (32,21) 10
(33,20) (33,21) 4
(34,20) (34,21) 5
(35,20) (35,21) 7
(36,20) (36,21) 8
(37,20) (37,21) 8
(38,20) (38,21) 1
(39,20) (39,21) 4
(40,20) (40,21) 3
(41,20) (41,21) 3
(42,20) (42,21) 10
(43,20) (43,21) 6
(44,20) (44,21) 10
(45,20) (45,21) 8
(46,20) (46,21) 3
(47,20) (47,21) 2
(48,20) (48,21) 6
(49,20) (49,21) 2
(50,20) (50,21) 9
(1,21) (1,22) 5
(2,21) (2,22) 7
(3,21) (3,22) 9
(4,21) (4,22) 7
(5,21) (5,22) 7
(6,21) (6,22) 10
(7,21) (7,22) 10
(8,21) (8,22) 7
(9,21) (9,22) 5
(10,21) (10,22) 6
(11,21) (11,22) 5
(12,21) (12,22) 10
(13,21) (13,22) 3
(14,21) (14,22) 8
(15,21) (15,22) 10
(16,21) (16,22) 7
(17,21) (17,22) 2
(18,21) (18,22) 3
(19,21) (19,22) 10
(20,21) (20,22) 6
(21,21) (21,22) 6
(22,21) (22,22) 6
(23,21) (23,22) 3
(24,21) (24,22) 6
(25,21) (25,22) 1
(26,21) (26,22) 5
(27,21) (27,22) 10
(28,21) (28,22) 1
(29,21) (29,22) 8
(30,21) (30,22) 1
(31,21) (31,22) 4
(32,21) (32,22) 4
(33,21) (33,22) 5
(34,21) (34,22) 6
(35,21) (35,22) 4
(36,21) (36,22) 7
(37,21) (37,22) 7
(38,21) (38,22) 1
(39,21) (39,22) 1
(40,21) (40,22) 7
(41,21) (41,22) 9
(42,21) (42,22) 1
(43,21) (43,22) 9
(44,21) (44,22) 2
(45,21) (45,22) 1
(46,21) (46,22) 1
(47,21) (47,22) 4
(48,21) (48,22) 4
(49,21) (49,22) 1
(50,21) (50,22) 10
(1,22) (1,23) 7
(2,22) (2,23) 2
(3,22) (3,23) 10
(4,22) (4,23) 5
(5,22) (5,23) 6
(6,22) (6,23) 2
(7,22) (7,23) 9
(8,22) (8,23) 4
(9,22) (9,23) 9
(10,22) (10,23) 8
(11,22) (11,23) 8
(12,22) (12,23) 3
(13,22) (13,23) 8
(14,22) (14,23) 4
(15,22) (15,23) 1
(16,22) (16,23) 2
(17,22) (17,23) 9
(18,22) (18,23) 7
(19,22) (19,23) 5
(20,22) (20,23) 4
(21,22) (21,23) 5
(22,22) (22,23) 4
(23,22) (23,23) 7
(24,22) (24,23) 6
(25,22) (25,23) 7
(26,22) (26,23) 2
(27,22) (27,23) 6
(28,22) (28,23) 1
(29,22) (29,23) 6
(30,22) (30,23) 4
(31,22) (31,23) 7
(32,22) (32,23) 3
(33,22) (33,23) 2
(34,22) (34,23) 7
(35,22) (35,23) 7
(36,22) (36,23) 3
(37,22) (37,23) 2
(38,22) (38,23) 7
(39,22) (39,23) 10
(40,22) (40,23) 1
(41,22) (41,23) 1
(42,22) (42,23) 9
(43,22) (43,23) 1
(44,22) (44,23) 4
(45,22) (45,23) 5
(46,22) (46,23) 1
(47,22) (47,23) 4
(48,22) (48,23) 6
(49,22) (49,23) 5
(50,22) (50,23) 1
(1,23) (1,24) 3
(2,23) (2,24) 2
(3,23) (3,24) 7
(4,23) (4,24) 4
(5,23) (5,24) 4
(6,23) (6,24) 7
(7,23) (7,24) 5
(8,23) (8,24) 3
(9,23) (9,24) 8
(10,23) (10,24) 5
(11,23) (11,24) 6
(12,23) (12,24) 9
(13,23) (13,24) 8
(14,23) (14,24) 8
(15,23) (15,24) 4
(16,23) (16,24) 4
(17,23) (17,24) 10
(18,23) (18,24) 10
(19,23) (19,24) 10
(20,23) (20,24) 2
(21,23) (21,24) 1
(22,23) (22,24) 5
(23,23) (23,24) 7
(24,23) (24,24) 8
(25,23) (25,24) 9
(26,23) (26,24) 4
(27,23) (27,24) 8
(28,23) (28,24) 10
(29,23) (29,24) 8
(30,23) (30,24) 3
(31,23) (31,24) 6
(32,23) (32,24) 5
(33,23) (33,24) 4
(34,23) (34,24) 4
(35,23) (35,24) 7
(36,23) (36,24) 1
(37,23) (37,24) 6
(38,23) (38,24) 2
(39,23) (39,24) 10
(40,23) (40,24) 8
(41,23) (41,24) 8
(42,23) (42,24) 3
(43,23) (43,24) 9
(44,23) (44,24) 2
(45,23) (45,24) 2
(46,23) (46,24) 3
(47,23) (47,24) 2
(48,23) (48,24) 2
(49,23) (49,24) 5
(50,23) (50,24) 5
(1,24) (1,25) 7
(2,24) (2,25) 6
(3,24) (3,25) 6
(4,24) (4,25) 7
(5,24) (5,25) 8
(6,24) (6,25) 5
(7,24) (7,25) 3
(8,24) (8,25) 8
(9,24) (9,25) 9
(10,24) (10,25) 5
(11,24) (11,25) 9
(12,24) (12,25) 1
(13,24) (13,25) 7
(14,24) (14,25) 10
(15,24) (15,25) 10
(16,24) (16,25) 3
(17,24) (17,25) 7
(18,24) (18,25) 8
(19,24) (19,25) 7
(20,24) (20,25) 1
(21,24) (21,25) 3
(22,24) (22,25) 7
(23,24) (23,25) 5
(24,24) (24,25) 10
(25,24) (25,25) 3
(26,24) (26,25) 2
(27,24) (27,25) 3
(28,24) (28,25) 8
(29,24) (29,25) 1
(30,24) (30,25) 1
(31,24) (31,25) 7
(32,24) (32,25) 4
(33,24) (33,25) 10
(34,24) (34,25) 2
(35,24) (35,25) 3
(36,24) (36,25) 9
(37,24) (37,25) 4
(38,24) (38,25) 5
(39,24) (39,25) 2
(40,24) (40,25) 5
(41,24) (41,25) 5
(42,24) (42,25) 6
(43,24) (43,25) 4
(44,24) (44,25) 4
(45,24) (45,25) 5
(46,24) (46,25) 3
(47,24) (47,25) 2
(48,24) (48,25) 8
(49,24) (49,25) 1
(50,24) (50,25) 9
(1,25) (1,26) 4
(2,25) (2,26) 7
(3,25) (3,26) 5
(4,25) (4,26) 6
(5,25) (5,26) 7
(6,25) (6,26) 8
(7,25) (7,26) 10
(8,25) (8,26) 9
(9,25) (9,26) 1
(10,25) (10,26) 5
(11,25) (11,26) 1
(12,25) (12,26) 10
(13,25) (13,26) 1
(14,25) (14,26) 4
(15,25) (15,26) 8
(16,25) (16,26) 1
(17,25) (17,26) 1
(18,25) (18,26) 5
(19,25) (19,26) 5
(20,25) (20,26) 5
(21,25) (21,26) 9
(22,25) (22,26) 5
(23,25) (23,26) 5
(24,25) (24,26) 3
(25,25) (25,26) 3
(26,25) (26,26) 6
(27,25) (27,26) 5
(28,25) (28,26) 2
(29,25) (29,26) 9
(30,25) (30,26) 10
(31,25) (31,26) 6
(32,25) (32,26) 2
(33,25) (33,26) 5
(34,25) (34,26) 3
(35,25) (35,26) 5
(36,25) (36,26) 10
(37,25) (37,26) 9
(38,25) (38,26) 2
(39,25) (39,26) 10
(40,25) (40,26) 1
(41,25) (41,26) 7
(42,25) (42,26) 8
(43,25) (43,26) 3
(44,25) (44,26) 7
(45,25) (45,26) 5
(46,25) (46,26) 9
(47,25) (47,26) 3
(48,25) (48,26) 6
(49,25) (49,26) 10
(50,25) (50,26) 9
(1,26) (1,27) 9
(2,26) (2,27) 3
(3,26) (3,27) 10
(4,26) (4,27) 8
(5,26) (5,27) 5
(6,26) (6,27) 2
(7,26) (7,27) 8
(8,26) (8,27) 3
(9,26) (9,27) 10
(10,26) (10,27) 1
(11,26) (11,27) 5
(12,26) (12,27) 10
(13,26) (13,27) 2
(14,26) (14,27) 4
(15,26) (15,27) 6
(16,26) (16,27) 3
(17,26) (17,27) 10
(18,26) (18,27) 8
(19,26) (19,27) 8
(20,26) (20,27) 8
(21,26) (21,27) 2
(22,26) (22,27) 9
(23,26) (23,27) 10
(24,26) (24,27) 5
(25,26) (25,27) 10
(26,26) (26,27) 1
(27,26) (27,27) 8
(28,26) (28,27) 10
(29,26) (29,27) 6
(30,26) (30,27) 7
(31,26) (31,27) 10
(32,26) (32,27) 8
(33,26) (33,27) 7
(34,26) (34,27) 8
(35,26) (35,27) 8
(36,26) (36,27) 7
(37,26) (37,27) 2
(38,26) (38,27) 1
(39,26) (39,27) 6
(40,26) (40,27) 6
(41,26) (41,27) 3
(42,26) (42,27) 2
(43,26) (43,27) 6
(44,26) (44,27) 9
(45,26) (45,27) 3
(46,26) (46,27) 10
(47,26) (47,27) 9
(48,26) (48,27) 2
(49,26) (49,27) 7
(50,26) (50,27) 4
(1,27) (1,28) 10
(2,27) (2,28) 5
(3,27) (3,28) 6
(4,27) (4,28) 5
(5,27) (5,28) 4
(6,27) (6,28) 6
(7,27) (7,28) 7
(8,27) (8,28) 5
(9,27) (9,28) 5
(10,27) (10,28) 10
(11,27) (11,28) 3
(12,27) (12,28) 3
(13,27) (13,28) 10
(14,27) (14,28) 6
(15,27) (15,28) 6
(16,27) (16,28) 7
(17,27) (17,28) 2
(18,27) (18,28) 9
(19,27) (19,28) 8
(20,27) (20,28) 1
(21,27) (21,28) 5
(22,27) (22,28) 10
(23,27) (23,28) 1
(24,27) (24,28) 3
(25,27) (25,28) 3
(26,27) (26,28) 6
(27,27) (27,28) 7
(28,27) (28,28) 10
(29,27) (29,28) 2
(30,27) (30,28) 2
(31,27) (31,28) 4
(32,27) (32,28) 4
(33,27) (33,28) 10
(34,27) (34,28) 2
(35,27) (35,28) 1
(36,27) (36,28) 9
(37,27) (37,28) 5
(38,27) (38,28) 7
(39,27) (39,28) 7
(40,27) (40,28) 7
(41,27) (41,28) 8
(42,27) (42,28) 8
(43,27) (43,28) 4
(44,27) (44,28) 10
(45,27) (45,28) 2
(46,27) (46,28) 2
(47,27) (47,28) 8
(48,27) (48,28) 6
(49,27) (49,28) 8
(50,27) (50,28) 7
(1,28) (1,29) 8
(2,28) (2,29) 2
(3,28) (3,29) 1
(4,28) (4,29) 1
(5,28) (5,29) 6
(6,28) (6,29) 2
(7,28) (7,29) 6
(8,28) (8,29) 8
(9,28) (9,29) 6
(10,28) (10,29) 10
(11,28) (11,29) 6
(12,28) (12,29) 4
(13,28) (13,29) 6
(14,28) (14,29) 7
(15,28) (15,29) 1
(16,28) (16,29) 10
(17,28) (17,29) 8
(18,28) (18,29) 3
(19,28) (19,29) 3
(20,28) (20,29) 10
(21,28) (21,29) 3
(22,28) (22,29) 2
(23,28) (23,29) 8
(24,28) (24,29) 9
(25,28) (25,29) 9
(26,28) (26,29) 6
(27,28) (27,29) 8
(28,28) (28,29) 4
(29,28) (29,29) 1
(30,28) (30,29) 9
(31,28) (31,29) 7
(32,28) (32,29) 5
(33,28) (33,29) 7
(34,28) (34,29) 8
(35,28) (35,29) 4
(36,28) (36,29) 6
(37,28) (37,29) 4
(38,28) (38,29) 2
(39,28) (39,29) 7
(40,28) (40,29) 7
(41,28) (41,29) 4
(42,28) (42,29) 7
(43,28) (43,29) 4
(44,28) (44,29) 10
(45,28) (45,29) 2
(46,28) (46,29) 6
(47,28) (47,29) 9
(48,28) (48,29) 2
(49,28) (49,29) 6
(50,28) (50,29) 1
(1,29) (1,30) 5
(2,29) (2,30) 4
(3,29) (3,30) 6
(4,29) (4,30) 8
(5,29) (5,30) 8
(6,29) (6,30) 8
(7,29) (7,30) 7
(8,29) (8,30) 10
(9,29) (9,30) 2
(10,29) (10,30) 5
(11,29) (11,30) 4
(12,29) (12,30) 5
(13,29) (13,30) 10
(14,29) (14,30) 8
(15,29) (15,30) 4
(16,29) (16,30) 9
(17,29) (17,30) 3
(18,29) (18,30) 2
(19,29) (19,30) 9
(20,29) (20,30) 7
(21,29) (21,30) 1
(22,29) (22,30) 10
(23,29) (23,30) 3
(24,29) (24,30) 7
(25,29) (25,30) 8
(26,29) (26,30) 3
(27,29) (27,30) 7
(28,29) (28,30) 4
(29,29) (29,30) 5
(30,29) (30,30) 3
(31,29) (31,30) 4
(32,29) (32,30) 3
(33,29) (33,30) 3
(34,29) (34,30) 1
(35,29) (35,30) 6
(36,29) (36,30) 9
(37,29) (37,30) 10
(38,29) (38,30) 4
(39,29) (39,30) 10
(40,29) (40,30) 9
(41,29) (41,30) 5
(42,29) (42,30) 9
(43,29) (43,30) 7
(44,29) (44,30) 3
(45,29) (45,30) 5
(46,29) (46,30) 4
(47,29) (47,30) 7
(48,29) (48,30) 8
(49,29) (49,30) 6
(50,29) (50,30) 1
(1,1) (2,1) 6
(2,1) (1,1) 6
(2,1) (3,1) 1
(3,1) (2,1) 10
(3,1) (4,1) 8
(4,1) (3,1) 8
(4,1) (5,1) 2
(5,1) (4,1) 9
(5,1) (6,1) 3
(6,1) (5,1) 5
(6,1) (7,1) 8
(7,1) (6,1) 4
(7,1) (8,1) 2
(8,1) (7,1) 5
(8,1) (9,1) 3
(9,1) (8,1) 2
(9,1) (10,1) 4
(10,1) (9,1) 6
(10,1) (11,1) 9
(11,1) (10,1) 2
(11,1) (12,1) 9
(12,1) (11,1) 1
(12,1) (13,1) 5
(13,1) (12,1) 6
(13,1) (14,1) 9
(14,1) (13,1) 5
(14,1) (15,1) 3
(15,1) (14,1) 10
(15,1) (16,1) 3
(16,1) (15,1) 6
(16,1) (17,1) 9
(17,1) (16,1) 4
(17,1) (18,1) 1
(18,1) (17,1) 10
(18,1) (19,1) 7
(19,1) (18,1) 4
(19,1) (20,1) 1
(20,1) (19,1) 7
(20,1) (21,1) 10
(21,1) (20,1) 6
(21,1) (22,1) 3
(22,1) (21,1) 9
(22,1) (23,1) 4
(23,1) (22,1) 8
(23,1) (24,1) 5
(24,1) (23,1) 7
(24,1) (25,1) 8
(25,1) (24,1) 7
(25,1) (26,1) 1
(26,1) (25,1) 2
(26,1) (27,1) 2
(27,1) (26,1) 7
(27,1) (28,1) 5
(28,1) (27,1) 2
(28,1) (29,1) 10
(29,1) (28,1) 6
(29,1) (30,1) 9
(30,1) (29,1) 8
(30,1) (31,1) 1
(31,1) (30,1) 10
(31,1) (32,1) 8
(32,1) (31,1) 1
(32,1) (33,1) 9
(33,1) (32,1) 9
(33,1) (34,1) 5
(34,1) (33,1) 7
(34,1) (35,1) 4
(35,1) (34,1) 2
(35,1) (36,1) 4
(36,1) (35,1) 5
(36,1) (37,1) 2
(37,1) (36,1) 8
(37,1) (38,1) 5
(38,1) (37,1) 1
(38,1) (39,1) 6
(39,1) (38,1) 4
(39,1) (40,1) 7
(40,1) (39,1) 7
(40,1) (41,1) 2
(41,1) (40,1) 5
(41,1) (42,1) 5
(42,1) (41,1) 4
(42,1) (43,1) 2
(43,1) (42,1) 6
(43,1) (44,1) 7
(44,1) (43,1) 1
(44,1) (45,1) 9
(45,1) (44,1) 9
(45,1) (46,1) 1
(46,1) (45,1) 10
(46,1) (47,1) 7
(47,1) (46,1) 1
(47,1) (48,1) 10
(48,1) (47,1) 8
(48,1) (49,1) 6
(49,1) (48,1) 6
(49,1) (50,1) 5
(50,1) (49,1) 6
(1,2) (2,2) 9
(2,2) (1,2) 7
(2,2) (3,2) 8
(3,2) (2,2) 8
(3,2) (4,2) 9
(4,2) (3,2) 3
(4,2) (5,2) 1
(5,2) (4,2) 6
(5,2) (6,2) 5
(6,2) (5,2) 4
(6,2) (7,2) 2
(7,2) (6,2) 9
(7,2) (8,2) 5
(8,2) (7,2) 6
(8,2) (9,2) 1
(9,2) (8,2) 4
(9,2) (10,2) 9
(10,2) (9,2) 2
(10,2) (11,2) 4
(11,2) (10,2) 2
(11,2) (12,2) 6
(12,2) (11,2) 3
(12,2) (13,2) 6
(13,2) (12,2) 1
(13,2) (14,2) 2
(14,2) (13,2) 8
(14,2) (15,2) 7
(15,2) (14,2) 1
(15,2) (16,2) 2
(16,2) (15,2) 7
(16,2) (17,2) 10
(17,2) (16,2) 3
(17,2) (18,2) 4
(18,2) (17,2) 9
(18,2) (19,2) 1
(19,2) (18,2) 8
(19,2) (20,2) 1
(20,2) (19,2) 5
(20,2) (21,2) 5
(21,2) (20,2) 10
(21,2) (22,2) 9
(22,2) (21,2) 2
(22,2) (23,2) 8
(23,2) (22,2) 7
(23,2) (24,2) 3
(24,2) (23,2) 2
(24,2) (25,2) 4
(25,2) (24,2) 10
(25,2) (26,2) 2
(26,2) (25,2) 9
(26,2) (27,2) 2
(27,2) (26,2) 3
(27,2) (28,2) 3
(28,2) (27,2) 6
(28,2) (29,2) 1
(29,2) (28,2) 3
(29,2) (30,2) 3
(30,2) (29,2) 4
(30,2) (31,2) 9
(31,2) (30,2) 2
(31,2) (32,2) 6
(32,2) (31,2) 8
(32,2) (33,2) 3
(33,2) (32,2) 1
(33,2) (34,2) 4
(34,2) (33,2) 7
(34,2) (35,2) 6
(35,2) (34,2) 10
(35,2) (36,2) 2
(36,2) (35,2) 6
(36,2) (37,2) 8
(37,2) (36,2) 7
(37,2) (38,2) 7
(38,2) (37,2) 3
(38,2) (39,2) 4
(39,2) (38,2) 10
(39,2) (40,2) 7
(40,2) (39,2) 5
(40,2) (41,2) 1
(41,2) (40,2) 3
(41,2) (42,2) 8
(42,2) (41,2) 8
(42,2) (43,2) 4
(43,2) (42,2) 9
(43,2) (44,2) 3
(44,2) (43,2) 10
(44,2) (45,2) 7
(45,2) (44,2) 6
(45,2) (46,2) 3
(46,2) (45,2) 4
(46,2) (47,2) 7
(47,2) (46,2) 6
(47,2) (48,2) 4
(48,2) (47,2) 5
(48,2) (49,2) 3
(49,2) (48,2) 9
(49,2) (50,2) 8
(50,2) (49,2) 2
(1,3) (2,3) 8
(2,3) (1,3) 8
(2,3) (3,3) 7
(3,3) (2,3) 4
(3,3) (4,3) 8
(4,3) (3,3) 9
(4,3) (5,3) 4
(5,3) (4,3) 3
(5,3) (6,3) 2
(6,3) (5,3) 2
(6,3) (7,3) 7
(7,3) (6,3) 2
(7,3) (8,3) 5
(8,3) (7,3) 2
(8,3) (9,3) 3
(9,3) (8,3) 3
(9,3) (10,3) 10
(10,3) (9,3) 5
(10,3) (11,3) 8
(11,3) (10,3) 1
(11,3) (12,3) 9
(12,3) (11,3) 6
(12,3) (13,3) 2
(13,3) (12,3) 9
(13,3) (14,3) 3
(14,3) (13,3) 1
(14,3) (15,3) 8
(15,3) (14,3) 5
(15,3) (16,3) 4
(16,3) (15,3) 1
(16,3) (17,3) 5
(17,3) (16,3) 7
(17,3) (18,3) 1
(18,3) (17,3) 3
(18,3) (19,3) 2
(19,3) (18,3) 9
(19,3) (20,3) 6
(20,3) (19,3) 4
(20,3) (21,3) 8
(21,3) (20,3) 6
(21,3) (22,3) 7
(22,3) (21,3) 3
(22,3) (23,3) 5
(23,3) (22,3) 2
(23,3) (24,3) 1
(24,3) (23,3) 6
(24,3) (25,3) 8
(25,3) (24,3) 9
(25,3) (26,3) 6
(26,3) (25,3) 3
(26,3) (27,3) 6
(27,3) (26,3) 5
(27,3) (28,3) 8
(28,3) (27,3) 5
(28,3) (29,3) 3
(29,3) (28,3) 10
(29,3) (30,3) 7
(30,3) (29,3) 6
(30,3) (31,3) 5
(31,3) (30,3) 7
(31,3) (32,3) 1
(32,3) (31,3) 3
(32,3) (33,3) 10
(33,3) (32,3) 7
(33,3) (34,3) 3
(34,3) (33,3) 7
(34,3) (35,3) 8
(35,3) (34,3) 3
(35,3) (36,3) 4
(36,3) (35,3) 4
(36,3) (37,3) 10
(37,3) (36,3) 2
(37,3) (38,3) 4
(38,3) (37,3) 10
(38,3) (39,3) 6
(39,3) (38,3) 6
(39,3) (40,3) 2
(40,3) (39,3) 5
(40,3) (41,3) 1
(41,3) (40,3) 4
(41,3) (42,3) 5
(42,3) (41,3) 9
(42,3) (43,3) 2
(43,3) (42,3) 4
(43,3) (44,3) 9
(44,3) (43,3) 3
(44,3) (45,3) 3
(45,3) (44,3) 2
(45,3) (46,3) 7
(46,3) (45,3) 5
(46,3) (47,3) 1
(47,3) (46,3) 10
(47,3) (48,3) 3
(48,3) (47,3) 10
(48,3) (49,3) 9
(49,3) (48,3) 5
(49,3) (50,3) 3
(50,3) (49,3) 4
(1,4) (2,4) 3
(2,4) (1,4) 9
(2,4) (3,4) 4
(3,4) (2,4) 6
(3,4) (4,4) 3
(4,4) (3,4) 10
(4,4) (5,4) 10
(5,4) (4,4) 6
(5,4) (6,4) 10
(6,4) (5,4) 5
(6,4) (7,4) 4
(7,4) (6,4) 9
(7,4) (8,4) 5
(8,4) (7,4) 9
(8,4) (9,4) 1
(9,4) (8,4) 4
(9,4) (10,4) 6
(10,4) (9,4) 5
(10,4) (11,4) 8
(11,4) (10,4) 6
(11,4) (12,4) 2
(12,4) (11,4) 6
(12,4) (13,4) 9
(13,4) (12,4) 10
(13,4) (14,4) 10
(14,4) (13,4) 3
(14,4) (15,4) 4
(15,4) (14,4) 1
(15,4) (16,4) 10
(16,4) (15,4) 2
(16,4) (17,4) 3
(17,4) (16,4) 9
(17,4) (18,4) 9
(18,4) (17,4) 1
(18,4) (19,4) 10
(19,4) (18,4) 1
(19,4) (20,4) 8
(20,4) (19,4) 8
(20,4) (21,4) 8
(21,4) (20,4) 3
(21,4) (22,4) 5
(22,4) (21,4) 9
(22,4) (23,4) 6
(23,4) (22,4) 3
(23,4) (24,4) 3
(24,4) (23,4) 8
(24,4) (25,4) 3
(25,4) (24,4) 10
(25,4) (26,4) 10
(26,4) (25,4) 4
(26,4) (27,4) 4
(27,4) (26,4) 3
(27,4) (28,4) 4
(28,4) (27,4) 7
(28,4) (29,4) 10
(29,4) (28,4) 5
(29,4) (30,4) 5
(30,4) (29,4) 10
(30,4) (31,4) 9
(31,4) (30,4) 8
(31,4) (32,4) 4
(32,4) (31,4) 2
(32,4) (33,4) 9
(33,4) (32,4) 6
(33,4) (34,4) 3
(34,4) (33,4) 8
(34,4) (35,4) 5
(35,4) (34,4) 9
(35,4) (36,4) 4
(36,4) (35,4) 6
(36,4) (37,4) 8
(37,4) (36,4) 3
(37,4) (38,4) 8
(38,4) (37,4) 4
(38,4) (39,4) 5
(39,4) (38,4) 1
(39,4) (40,4) 10
(40,4) (39,4) 7
(40,4) (41,4) 2
(41,4) (40,4) 9
(41,4) (42,4) 2
(42,4) (41,4) 8
(42,4) (43,4) 2
(43,4) (42,4) 4
(43,4) (44,4) 8
(44,4) (43,4) 2
(44,4) (45,4) 10
(45,4) (44,4) 10
(45,4) (46,4) 6
(46,4) (45,4) 5
(46,4) (47,4) 6
(47,4) (46,4) 4
(47,4) (48,4) 2
(48,4) (47,4) 8
(48,4) (49,4) 5
(49,4) (48,4) 8
(49,4) (50,4) 10
(50,4) (49,4) 10
(1,5) (2,5) 3
(2,5) (1,5) 8
(2,5) (3,5) 7
(3,5) (2,5) 3
(3,5) (4,5) 1
(4,5) (3,5) 2
(4,5) (5,5) 2
(5,5) (4,5) 8
(5,5) (6,5) 8
(6,5) (5,5) 2
(6,5) (7,5) 7
(7,5) (6,5) 9
(7,5) (8,5) 2
(8,5) (7,5) 8
(8,5) (9,5) 3
(9,5) (8,5) 1
(9,5) (10,5) 6
(10,5) (9,5) 4
(10,5) (11,5) 2
(11,5) (10,5) 1
(11,5) (12,5) 7
(12,5) (11,5) 6
(12,5) (13,5) 9
(13,5) (12,5) 10
(13,5) (14,5) 7
(14,5) (13,5) 1
(14,5) (15,5) 5
(15,5) (14,5) 10
(15,5) (16,5) 9
(16,5) (15,5) 8
(16,5) (17,5) 3
(17,5) (16,5) 4
(17,5) (18,5) 3
(18,5) (17,5) 4
(18,5) (19,5) 5
(19,5) (18,5) 4
(19,5) (20,5) 1
(20,5) (19,5) 1
(20,5) (21,5) 10
(21,5) (20,5) 4
(21,5) (22,5) 6
(22,5) (21,5) 5
(22,5) (23,5) 10
(23,5) (22,5) 7
(23,5) (24,5) 9
(24,5) (23,5) 4
(24,5) (25,5) 6
(25,5) (24,5) 6
(25,5) (26,5) 5
(26,5) (25,5) 8
(26,5) (27,5) 8
(27,5) (26,5) 5
(27,5) (28,5) 7
(28,5) (27,5) 2
(28,5) (29,5) 9
(29,5) (28,5) 1
(29,5) (30,5) 9
(30,5) (29,5) 2
(30,5) (31,5) 8
(31,5) (30,5) 3
(31,5) (32,5) 3
(32,5) (31,5) 2
(32,5) (33,5) 5
(33,5) (32,5) 8
(33,5) (34,5) 4
(34,5) (33,5) 3
(34,5) (35,5) 9
(35,5) (34,5) 4
(35,5) (36,5) 8
(36,5) (35,5) 3
(36,5) (37,5) 10
(37,5) (36,5) 1
(37,5) (38,5) 5
(38,5) (37,5) 6
(38,5) (39,5) 10
(39,5) (38,5) 8
(39,5) (40,5) 6
(40,5) (39,5) 1
(40,5) (41,5) 4
(41,5) (40,5) 1
(41,5) (42,5) 1
(42,5) (41,5) 6
(42,5) (43,5) 6
(43,5) (42,5) 6
(43,5) (44,5) 8
(44,5) (43,5) 3
(44,5) (45,5) 8
(45,5) (44,5) 3
(45,5) (46,5) 7
(46,5) (45,5) 2
(46,5) (47,5) 7
(47,5) (46,5) 5
(47,5) (48,5) 3
(48,5) (47,5) 6
(48,5) (49,5) 1
(49,5) (48,5) 5
(49,5) (50,5) 7
(50,5) (49,5) 9
(1,6) (2,6) 6
(2,6) (1,6) 4
(2,6) (3,6) 5
(3,6) (2,6) 6
(3,6) (4,6) 1
(4,6) (3,6) 5
(4,6) (5,6) 2
(5,6) (4,6) 6
(5,6) (6,6) 3
(6,6) (5,6) 9
(6,6) (7,6) 7
(7,6) (6,6) 3
(7,6) (8,6) 7
(8,6) (7,6) 5
(8,6) (9,6) 2
(9,6) (8,6) 8
(9,6) (10,6) 6
(10,6) (9,6) 3
(10,6) (11,6) 2
(11,6) (10,6) 5
(11,6) (12,6) 4
(12,6) (11,6) 8
(12,6) (13,6) 7
(13,6) (12,6) 7
(13,6) (14,6) 3
(14,6) (13,6) 1
(14,6) (15,6) 2
(15,6) (14,6) 4
(15,6) (16,6) 4
(16,6) (15,6) 10
(16,6) (17,6) 8
(17,6) (16,6) 3
(17,6) (18,6) 1
(18,6) (17,6) 3
(18,6) (19,6) 8
(19,6) (18,6) 6
(19,6) (20,6) 1
(20,6) (19,6) 9
(20,6) (21,6) 4
(21,6) (20,6) 7
(21,6) (22,6) 2
(22,6) (21,6) 9
(22,6) (23,6) 2
(23,6) (22,6) 5
(23,6) (24,6) 1
(24,6) (23,6) 1
(24,6) (25,6) 5
(25,6) (24,6) 9
(25,6) (26,6) 5
(26,6) (25,6) 6
(26,6) (27,6) 6
(27,6) (26,6) 1
(27,6) (28,6) 9
(28,6) (27,6) 3
(28,6) (29,6) 7
(29,6) (28,6) 3
(29,6) (30,6) 8
(30,6) (29,6) 1
(30,6) (31,6) 8
(31,6) (30,6) 5
(31,6) (32,6) 8
(32,6) (31,6) 1
(32,6) (33,6) 6
(33,6) (32,6) 5
(33,6) (34,6) 3
(34,6) (33,6) 6
(34,6) (35,6) 6
(35,6) (34,6) 8
(35,6) (36,6) 1
(36,6) (35,6) 9
(36,6) (37,6) 6
(37,6) (36,6) 4
(37,6) (38,6) 2
(38,6) (37,6) 9
(38,6) (39,6) 3
(39,6) (38,6) 9
(39,6) (40,6) 8
(40,6) (39,6) 9
(40,6) (41,6) 1
(41,6) (40,6) 4
(41,6) (42,6) 3
(42,6) (41,6) 6
(42,6) (43,6) 4
(43,6) (42,6) 6
(43,6) (44,6) 7
(44,6) (43,6) 8
(44,6) (45,6) 3
(45,6) (44,6) 7
(45,6) (46,6) 1
(46,6) (45,6) 6
(46,6) (47,6) 5
(47,6) (46,6) 6
(47,6) (48,6) 3
(48,6) (47,6) 10
(48,6) (49,6) 2
(49,6) (48,6) 8
(49,6) (50,6) 6
(50,6) (49,6) 6
(1,7) (2,7) 4
(2,7) (1,7) 7
(2,7) (3,7) 1
(3,7) (2,7) 3
(3,7) (4,7) 3
(4,7) (3,7) 8
(4,7) (5,7) 1
(5,7) (4,7) 7
(5,7) (6,7) 4
(6,7) (5,7) 2
(6,7) (7,7) 3
(7,7) (6,7) 7
(7,7) (8,7) 2
(8,7) (7,7) 2
(8,7) (9,7) 2
(9,7) (8,7) 6
(9,7) (10,7) 2
(10,7) (9,7) 5
(10,7) (11,7) 1
(11,7) (10,7) 6
(11,7) (12,7) 6
(12,7) (11,7) 10
(12,7) (13,7) 7
(13,7) (12,7) 6
(13,7) (14,7) 2
(14,7) (13,7) 5
(14,7) (15,7) 6
(15,7) (14,7) 7
(15,7) (16,7) 5
(16,7) (15,7) 1
(16,7) (17,7) 8
(17,7) (16,7) 10
(17,7) (18,7) 1
(18,7) (17,7) 7
(18,7) (19,7) 7
(19,7) (18,7) 5
(19,7) (20,7) 9
(20,7) (19,7) 1
(20,7) (21,7) 2
(21,7) (20,7) 3
(21,7) (22,7) 5
(22,7) (21,7) 6
(22,7) (23,7) 1
(23,7) (22,7) 5
(23,7) (24,7) 6
(24,7) (23,7) 5
(24,7) (25,7) 5
(25,7) (24,7) 9
(25,7) (26,7) 6
(26,7) (25,7) 3
(26,7) (27,7) 8
(27,7) (26,7) 9
(27,7) (28,7) 9
(28,7) (27,7) 10
(28,7) (29,7) 2
(29,7) (28,7) 2
(29,7) (30,7) 4
(30,7) (29,7) 4
(30,7) (31,7) 9
(31,7) (30,7) 8
(31,7) (32,7) 2
(32,7) (31,7) 6
(32,7) (33,7) 6
(33,7) (32,7) 8
(33,7) (34,7) 2
(34,7) (33,7) 4
(34,7) (35,7) 6
(35,7) (34,7) 4
(35,7) (36,7) 7
(36,7) (35,7) 3
(36,7) (37,7) 8
(37,7) (36,7) 2
(37,7) (38,7) 9
(38,7) (37,7) 1
(38,7) (39,7) 9
(39,7) (38,7) 1
(39,7) (40,7) 9
(40,7) (39,7) 5
(40,7) (41,7) 5
(41,7) (40,7) 6
(41,7) (42,7) 8
(42,7) (41,7) 1
(42,7) (43,7) 2
(43,7) (42,7) 1
(43,7) (44,7) 4
(44,7) (43,7) 4
(44,7) (45,7) 8
(45,7) (44,7) 1
(45,7) (46,7) 3
(46,7) (45,7) 4
(46,7) (47,7) 9
(47,7) (46,7) 3
(47,7) (48,7) 2
(48,7) (47,7) 4
(48,7) (49,7) 4
(49,7) (48,7) 1
(49,7) (50,7) 9
(50,7) (49,7) 2
(1,8) (2,8) 10
(2,8) (1,8) 10
(2,8) (3,8) 10
(3,8) (2,8) 3
(3,8) (4,8) 8
(4,8) (3,8) 1
(4,8) (5,8) 6
(5,8) (4,8) 6
(5,8) (6,8) 9
(6,8) (5,8) 7
(6,8) (7,8) 8
(7,8) (6,8) 1
(7,8) (8,8) 4
(8,8) (7,8) 4
(8,8) (9,8) 3
(9,8) (8,8) 4
(9,8) (10,8) 9
(10,8) (9,8) 10
(10,8) (11,8) 3
(11,8) (10,8) 1
(11,8) (12,8) 7
(12,8) (11,8) 2
(12,8) (13,8) 10
(13,8) (12,8) 7
(13,8) (14,8) 8
(14,8) (13,8) 4
(14,8) (15,8) 6
(15,8) (14,8) 8
(15,8) (16,8) 10
(16,8) (15,8) 3
(16,8) (17,8) 9
(17,8) (16,8) 10
(17,8) (18,8) 5
(18,8) (17,8) 6
(18,8) (19,8) 3
(19,8) (18,8) 6
(19,8) (20,8) 4
(20,8) (19,8) 5
(20,8) (21,8) 10
(21,8) (20,8) 2
(21,8) (22,8) 7
(22,8) (21,8) 7
(22,8) (23,8) 4
(23,8) (22,8) 10
(23,8) (24,8) 3
(24,8) (23,8) 6
(24,8) (25,8) 1
(25,8) (24,8) 1
(25,8) (26,8) 5
(26,8) (25,8) 8
(26,8) (27,8) 1
(27,8) (26,8) 5
(27,8) (28,8) 9
(28,8) (27,8) 10
(28,8) (29,8) 3
(29,8) (28,8) 3
(29,8) (30,8) 4
(30,8) (29,8) 6
(30,8) (31,8) 2
(31,8) (30,8) 4
(31,8) (32,8) 4
(32,8) (31,8) 5
(32,8) (33,8) 4
(33,8) (32,8) 7
(33,8) (34,8) 9
(34,8) (33,8) 8
(34,8) (35,8) 3
(35,8) (34,8) 10
(35,8) (36,8) 5
(36,8) (35,8) 6
(36,8) (37,8) 1
(37,8) (36,8) 9
(37,8) (38,8) 5
(38,8) (37,8) 8
(38,8) (39,8) 7
(39,8) (38,8) 2
(39,8) (40,8) 5
(40,8) (39,8) 5
(40,8) (41,8) 2
(41,8) (40,8) 1
(41,8) (42,8) 8
(42,8) (41,8) 1
(42,8) (43,8) 8
(43,8) (42,8) 10
(43,8) (44,8) 1
(44,8) (43,8) 2
(44,8) (45,8) 5
(45,8) (44,8) 5
(45,8) (46,8) 6
(46,8) (45,8) 6
(46,8) (47,8) 5
(47,8) (46,8) 10
(47,8) (48,8) 7
(48,8) (47,8) 3
(48,8) (49,8) 8
(49,8) (48,8) 9
(49,8) (50,8) 7
(50,8) (49,8) 6
(1,9) (2,9) 8
(2,9) (1,9) 8
(2,9) (3,9) 2
(3,9) (2,9) 3
(3,9) (4,9) 9
(4,9) (3,9) 7
(4,9) (5,9) 1
(5,9) (4,9) 9
(5,9) (6,9) 5
(6,9) (5,9) 3
(6,9) (7,9) 5
(7,9) (6,9) 10
(7,9) (8,9) 10
(8,9) (7,9) 4
(8,9) (9,9) 3
(9,9) (8,9) 3
(9,9) (10,9) 6
(10,9) (9,9) 1
(10,9) (11,9) 8
(11,9) (10,9) 1
(11,9) (12,9) 4
(12,9) (11,9) 6
(12,9) (13,9) 6
(13,9) (12,9) 10
(13,9) (14,9) 2
(14,9) (13,9) 9
(14,9) (15,9) 2
(15,9) (14,9) 10
(15,9) (16,9) 9
(16,9) (15,9) 8
(16,9) (17,9) 5
(17,9) (16,9) 10
(17,9) (18,9) 5
(18,9) (17,9) 10
(18,9) (19,9) 5
(19,9) (18,9) 1
(19,9) (20,9) 1
(20,9) (19,9) 7
(20,9) (21,9) 4
(21,9) (20,9) 4
(21,9) (22,9) 4
(22,9) (21,9) 9
(22,9) (23,9) 7
(23,9) (22,9) 10
(23,9) (24,9) 1
(24,9) (23,9) 5
(24,9) (25,9) 1
(25,9) (24,9) 4
(25,9) (26,9) 10
(26,9) (25,9) 1
(26,9) (27,9) 5
(27,9) (26,9) 8
(27,9) (28,9) 3
(28,9) (27,9) 10
(28,9) (29,9) 4
(29,9) (28,9) 5
(29,9) (30,9) 7
(30,9) (29,9) 4
(30,9) (31,9) 6
(31,9) (30,9) 9
(31,9) (32,9) 1
(32,9) (31,9) 1
(32,9) (33,9) 7
(33,9) (32,9) 1
(33,9) (34,9) 5
(34,9) (33,9) 9
(34,9) (35,9) 3
(35,9) (34,9) 5
(35,9) (36,9) 5
(36,9) (35,9) 9
(36,9) (37,9) 6
(37,9) (36,9) 10
(37,9) (38,9) 5
(38,9) (37,9) 4
(38,9) (39,9) 9
(39,9) (38,9) 10
(39,9) (40,9) 9
(40,9) (39,9) 10
(40,9) (41,9) 1
(41,9) (40,9) 10
(41,9) (42,9) 10
(42,9) (41,9) 2
(42,9) (43,9) 4
(43,9) (42,9) 10
(43,9) (44,9) 9
(44,9) (43,9) 7
(44,9) (45,9) 2
(45,9) (44,9) 8
(45,9) (46,9) 1
(46,9) (45,9) 9
(46,9) (47,9) 5
(47,9) (46,9) 9
(47,9) (48,9) 1
(48,9) (47,9) 7
(48,9) (49,9) 4
(49,9) (48,9) 3
(49,9) (50,9) 1
(50,9) (49,9) 2
(1,10) (2,10) 7
(2,10) (1,10) 8
(2,10) (3,10) 7
(3,10) (2,10) 2
(3,10) (4,10) 9
(4,10) (3,10) 7
(4,10) (5,10) 3
(5,10) (4,10) 10
(5,10) (6,10) 9
(6,10) (5,10) 5
(6,10) (7,10) 7
(7,10) (6,10) 5
(7,10) (8,10) 1
(8,10) (7,10) 8
(8,10) (9,10) 9
(9,10) (8,10) 5
(9,10) (10,10) 6
(10,10) (9,10) 9
(10,10) (11,10) 8
(11,10) (10,10) 8
(11,10) (12,10) 4
(12,10) (11,10) 1
(12,10) (13,10) 10
(13,10) (12,10) 4
(13,10) (14,10) 2
(14,10) (13,10) 8
(14,10) (15,10) 3
(15,10) (14,10) 2
(15,10) (16,10) 8
(16,10) (15,10) 3
(16,10) (17,10) 6
(17,10) (16,10) 3
(17,10) (18,10) 3
(18,10) (17,10) 5
(18,10) (19,10) 3
(19,10) (18,10) 2
(19,10) (20,10) 4
(20,10) (19,10) 6
(20,10) (21,10) 6
(21,10) (20,10) 4
(21,10) (22,10) 10
(22,10) (21,10) 10
(22,10) (23,10) 5
(23,10) (22,10) 5
(23,10) (24,10) 5
(24,10) (23,10) 1
(24,10) (25,10) 1
(25,10) (24,10) 2
(25,10) (26,10) 10
(26,10) (25,10) 6
(26,10) (27,10) 8
(27,10) (26,10) 3
(27,10) (28,10) 9
(28,10) (27,10) 9
(28,10) (29,10) 8
(29,10) (28,10) 10
(29,10) (30,10) 10
(30,10) (29,10) 8
(30,10) (31,10) 7
(31,10) (30,10) 4
(31,10) (32,10) 5
(32,10) (31,10) 5
(32,10) (33,10) 8
(33,10) (32,10) 9
(33,10) (34,10) 4
(34,10) (33,10) 4
(34,10) (35,10) 7
(35,10) (34,10) 5
(35,10) (36,10) 1
(36,10) (35,10) 3
(36,10) (37,10) 6
(37,10) (36,10) 8
(37,10) (38,10) 8
(38,10) (37,10) 9
(38,10) (39,10) 3
(39,10) (38,10) 7
(39,10) (40,10) 3
(40,10) (39,10) 3
(40,10) (41,10) 5
(41,10) (40,10) 6
(41,10) (42,10) 5
(42,10) (41,10) 7
(42,10) (43,10) 6
(43,10) (42,10) 9
(43,10) (44,10) 10
(44,10) (43,10) 4
(44,10) (45,10) 5
(45,10) (44,10) 4
(45,10) (46,10) 3
(46,10) (45,10) 6
(46,10) (47,10) 5
(47,10) (46,10) 7
(47,10) (48,10) 8
(48,10) (47,10) 7
(48,10) (49,10) 4
(49,10) (48,10) 6
(49,10) (50,10) 3
(50,10) (49,10) 5
(1,11) (2,11) 5
(2,11) (1,11) 8
(2,11) (3,11) 1
(3,11) (2,11) 9
(3,11) (4,11) 2
(4,11) (3,11) 3
(4,11) (5,11) 5
(5,11) (4,11) 3
(5,11) (6,11) 4
(6,11) (5,11) 9
(6,11) (7,11) 10
(7,11) (6,11) 7
(7,11) (8,11) 8
(8,11) (7,11) 4
(8,11) (9,11) 5
(9,11) (8,11) 1
(9,11) (10,11) 7
(10,11) (9,11) 9
(10,11) (11,11) 9
(11,11) (10,11) 2
(11,11) (12,11) 3
(12,11) (11,11) 6
(12,11) (13,11) 10
(13,11) (12,11) 1
(13,11) (14,11) 5
(14,11) (13,11) 4
(14,11) (15,11) 1
(15,11) (14,11) 2
(15,11) (16,11) 8
(16,11) (15,11) 8
(16,11) (17,11) 1
(17,11) (16,11) 7
(17,11) (18,11) 8
(18,11) (17,11) 5
(18,11) (19,11) 10
(19,11) (18,11) 6
(19,11) (20,11) 2
(20,11) (19,11) 2
(20,11) (21,11) 2
(21,11) (20,11) 2
(21,11) (22,11) 7
(22,11) (21,11) 9
(22,11) (23,11) 9
(23,11) (22,11) 8
(23,11) (24,11) 10
(24,11) (23,11) 2
(24,11) (25,11) 6
(25,11) (24,11) 10
(25,11) (26,11) 3
(26,11) (25,11) 2
(26,11) (27,11) 2
(27,11) (26,11) 1
(27,11) (28,11) 5
(28,11) (27,11) 7
(28,11) (29,11) 2
(29,11) (28,11) 2
(29,11) (30,11) 6
(30,11) (29,11) 2
(30,11) (31,11) 4
(31,11) (30,11) 2
(31,11) (32,11) 2
(32,11) (31,11) 6
(32,11) (33,11) 4
(33,11) (32,11) 9
(33,11) (34,11) 10
(34,11) (33,11) 5
(34,11) (35,11) 2
(35,11) (34,11) 10
(35,11) (36,11) 1
(36,11) (35,11) 3
(36,11) (37,11) 10
(37,11) (36,11) 7
(37,11) (38,11) 4
(38,11) (37,11) 2
(38,11) (39,11) 5
(39,11) (38,11) 4
(39,11) (40,11) 2
(40,11) (39,11) 3
(40,11) (41,11) 10
(41,11) (40,11) 7
(41,11) (42,11) 7
(42,11) (41,11) 9
(42,11) (43,11) 9
(43,11) (42,11) 4
(43,11) (44,11) 1
(44,11) (43,11) 10
(44,11) (45,11) 5
(45,11) (44,11) 2
(45,11) (46,11) 10
(46,11) (45,11) 7
(46,11) (47,11) 8
(47,11) (46,11) 6
(47,11) (48,11) 8
(48,11) (47,11) 9
(48,11) (49,11) 8
(49,11) (48,11) 5
(49,11) (50,11) 5
(50,11) (49,11) 3
(1,12) (2,12) 6
(2,12) (1,12) 3
(2,12) (3,12) 8
(3,12) (2,12) 9
(3,12) (4,12) 10
(4,12) (3,12) 8
(4,12) (5,12) 10
(5,12) (4,12) 10
(5,12) (6,12) 10
(6,12) (5,12) 8
(6,12) (7,12) 6
(7,12) (6,12) 5
(7,12) (8,12) 8
(8,12) (7,12) 7
(8,12) (9,12) 3
(9,12) (8,12) 7
(9,12) (10,12) 10
(10,12) (9,12) 1
(10,12) (11,12) 10
(11,12) (10,12) 5
(11,12) (12,12) 10
(12,12) (11,12) 1
(12,12) (13,12) 5
(13,12) (12,12) 3
(13,12) (14,12) 9
(14,12) (13,12) 4
(14,12) (15,12) 8
(15,12) (14,12) 8
(15,12) (16,12) 9
(16,12) (15,12) 3
(16,12) (17,12) 5
(17,12) (16,12) 3
(17,12) (18,12) 8
(18,12) (17,12) 7
(18,12) (19,12) 3
(19,12) (18,12) 7
(19,12) (20,12) 9
(20,12) (19,12) 2
(20,12) (21,12) 1
(21,12) (20,12) 9
(21,12) (22,12) 4
(22,12) (21,12) 6
(22,12) (23,12) 6
(23,12) (22,12) 8
(23,12) (24,12) 10
(24,12) (23,12) 9
(24,12) (25,12) 10
(25,12) (24,12) 1
(25,12) (26,12) 10
(26,12) (25,12) 9
(26,12) (27,12) 9
(27,12) (26,12) 2
(27,12) (28,12) 2
(28,12) (27,12) 7
(28,12) (29,12) 3
(29,12) (28,12) 4
(29,12) (30,12) 5
(30,12) (29,12) 1
(30,12) (31,12) 5
(31,12) (30,12) 7
(31,12) (32,12) 6
(32,12) (31,12) 8
(32,12) (33,12) 8
(33,12) (32,12) 7
(33,12) (34,12) 6
(34,12) (33,12) 6
(34,12) (35,12) 7
(35,12) (34,12) 5
(35,12) (36,12) 3
(36,12) (35,12) 4
(36,12) (37,12) 1
(37,12) (36,12) 2
(37,12) (38,12) 9
(38,12) (37,12) 8
(38,12) (39,12) 2
(39,12) (38,12) 5
(39,12) (40,12) 4
(40,12) (39,12) 1
(40,12) (41,12) 4
(41,12) (40,12) 8
(41,12) (42,12) 9
(42,12) (41,12) 6
(42,12) (43,12) 3
(43,12) (42,12) 2
(43,12) (44,12) 4
(44,12) (43,12) 3
(44,12) (45,12) 10
(45,12) (44,12) 5
(45,12) (46,12) 2
(46,12) (45,12) 7
(46,12) (47,12) 5
(47,12) (46,12) 2
(47,12) (48,12) 9
(48,12) (47,12) 1
(48,12) (49,12) 5
(49,12) (48,12) 9
(49,12) (50,12) 6
(50,12) (49,12) 6
(1,13) (2,13) 3
(2,13) (1,13) 3
(2,13) (3,13) 1
(3,13) (2,13) 9
(3,13) (4,13) 5
(4,13) (3,13) 10
(4,13) (5,13) 6
(5,13) (4,13) 8
(5,13) (6,13) 2
(6,13) (5,13) 5
(6,13) (7,13) 3
(7,13) (6,13) 9
(7,13) (8,13) 8
(8,13) (7,13) 9
(8,13) (9,13) 3
(9,13) (8,13) 3
(9,13) (10,13) 5
(10,13) (9,13) 8
(10,13) (11,13) 8
(11,13) (10,13) 5
(11,13) (12,13) 8
(12,13) (11,13) 5
(12,13) (13,13) 3
(13,13) (12,13) 10
(13,13) (14,13) 3
(14,13) (13,13) 6
(14,13) (15,13) 6
(15,13) (14,13) 9
(15,13) (16,13) 8
(16,13) (15,13) 4
(16,13) (17,13) 8
(17,13) (16,13) 9
(17,13) (18,13) 10
(18,13) (17,13) 2
(18,13) (19,13) 10
(19,13) (18,13) 10
(19,13) (20,13) 9
(20,13) (19,13) 5
(20,13) (21,13) 9
(21,13) (20,13) 4
(21,13) (22,13) 3
(22,13) (21,13) 4
(22,13) (23,13) 8
(23,13) (22,13) 4
(23,13) (24,13) 9
(24,13) (23,13) 2
(24,13) (25,13) 3
(25,13) (24,13) 2
(25,13) (26,13) 7
(26,13) (25,13) 8
(26,13) (27,13) 10
(27,13) (26,13) 6
(27,13) (28,13) 8
(28,13) (27,13) 6
(28,13) (29,13) 7
(29,13) (28,13) 4
(29,13) (30,13) 6
(30,13) (29,13) 4
(30,13) (31,13) 6
(31,13) (30,13) 6
(31,13) (32,13) 5
(32,13) (31,13) 3
(32,13) (33,13) 3
(33,13) (32,13) 7
(33,13) (34,13) 1
(34,13) (33,13) 5
(34,13) (35,13) 4
(35,13) (34,13) 10
(35,13) (36,13) 2
(36,13) (35,13) 7
(36,13) (37,13) 4
(37,13) (36,13) 8
(37,13) (38,13) 3
(38,13) (37,13) 7
(38,13) (39,13) 7
(39,13) (38,13) 7
(39,13) (40,13) 3
(40,13) (39,13) 2
(40,13) (41,13) 7
(41,13) (40,13) 10
(41,13) (42,13) 10
(42,13) (41,13) 3
(42,13) (43,13) 2
(43,13) (42,13) 6
(43,13) (44,13) 6
(44,13) (43,13) 3
(44,13) (45,13) 5
(45,13) (44,13) 3
(45,13) (46,13) 9
(46,13) (45,13) 7
(46,13) (47,13) 8
(47,13) (46,13) 1
(47,13) (48,13) 2
(48,13) (47,13) 2
(48,13) (49,13) 6
(49,13) (48,13) 10
(49,13) (50,13) 1
(50,13) (49,13) 8
(1,14) (2,14) 8
(2,14) (1,14) 6
(2,14) (3,14) 1
(3,14) (2,14) 6
(3,14) (4,14) 2
(4,14) (3,14) 6
(4,14) (5,14) 5
(5,14) (4,14) 7
(5,14) (6,14) 3
(6,14) (5,14) 3
(6,14) (7,14) 8
(7,14) (6,14) 2
(7,14) (8,14) 8
(8,14) (7,14) 3
(8,14) (9,14) 7
(9,14) (8,14) 6
(9,14) (10,14) 9
(10,14) (9,14) 4
(10,14) (11,14) 2
(11,14) (10,14) 4
(11,14) (12,14) 1
(12,14) (11,14) 7
(12,14) (13,14) 9
(13,14) (12,14) 9
(13,14) (14,14) 5
(14,14) (13,14) 7
(14,14) (15,14) 3
(15,14) (14,14) 5
(15,14) (16,14) 10
(16,14) (15,14) 6
(16,14) (17,14) 7
(17,14) (16,14) 1
(17,14) (18,14) 2
(18,14) (17,14) 7
(18,14) (19,14) 9
(19,14) (18,14) 5
(19,14) (20,14) 9
(20,14) (19,14) 4
(20,14) (21,14) 2
(21,14) (20,14) 10
(21,14) (22,14) 7
(22,14) (21,14) 3
(22,14) (23,14) 7
(23,14) (22,14) 5
(23,14) (24,14) 6
(24,14) (23,14) 1
(24,14) (25,14) 3
(25,14) (24,14) 1
(25,14) (26,14) 5
(26,14) (25,14) 4
(26,14) (27,14) 9
(27,14) (26,14) 1
(27,14) (28,14) 6
(28,14) (27,14) 8
(28,14) (29,14) 2
(29,14) (28,14) 8
(29,14) (30,14) 1
(30,14) (29,14) 1
(30,14) (31,14) 4
(31,14) (30,14) 2
(31,14) (32,14) 3
(32,14) (31,14) 6
(32,14) (33,14) 1
(33,14) (32,14) 7
(33,14) (34,14) 7
(34,14) (33,14) 2
(34,14) (35,14) 9
(35,14) (34,14) 1
(35,14) (36,14) 1
(36,14) (35,14) 4
(36,14) (37,14) 3
(37,14) (36,14) 1
(37,14) (38,14) 4
(38,14) (37,14) 5
(38,14) (39,14) 6
(39,14) (38,14) 6
(39,14) (40,14) 3
(40,14) (39,14) 8
(40,14) (41,14) 3
(41,14) (40,14) 6
(41,14) (42,14) 6
(42,14) (41,14) 7
(42,14) (43,14) 10
(43,14) (42,14) 5
(43,14) (44,14) 3
(44,14) (43,14) 2
(44,14) (45,14) 9
(45,14) (44,14) 7
(45,14) (46,14) 9
(46,14) (45,14) 1
(46,14) (47,14) 8
(47,14) (46,14) 4
(47,14) (48,14) 3
(48,14) (47,14) 10
(48,14) (49,14) 4
(49,14) (48,14) 3
(49,14) (50,14) 2
(50,14) (49,14) 8
(1,15) (2,15) 9
(2,15) (1,15) 4
(2,15) (3,15) 2
(3,15) (2,15) 8
(3,15) (4,15) 3
(4,15) (3,15) 4
(4,15) (5,15) 3
(5,15) (4,15) 7
(5,15) (6,15) 7
(6,15) (5,15) 4
(6,15) (7,15) 2
(7,15) (6,15) 1
(7,15) (8,15) 10
(8,15) (7,15) 10
(8,15) (9,15) 3
(9,15) (8,15) 3
(9,15) (10,15) 1
(10,15) (9,15) 10
(10,15) (11,15) 2
(11,15) (10,15) 9
(11,15) (12,15) 3
(12,15) (11,15) 4
(12,15) (13,15) 2
(13,15) (12,15) 8
(13,15) (14,15) 7
(14,15) (13,15) 2
(14,15) (15,15) 2
(15,15) (14,15) 7
(15,15) (16,15) 3
(16,15) (15,15) 2
(16,15) (17,15) 1
(17,15) (16,15) 6
(17,15) (18,15) 8
(18,15) (17,15) 10
(18,15) (19,15) 7
(19,15) (18,15) 2
(19,15) (20,15) 8
(20,15) (19,15) 5
(20,15) (21,15) 8
(21,15) (20,15) 8
(21,15) (22,15) 8
(22,15) (21,15) 6
(22,15) (23,15) 6
(23,15) (22,15) 6
(23,15) (24,15) 6
(24,15) (23,15) 8
(24,15) (25,15) 3
(25,15) (24,15) 2
(25,15) (26,15) 7
(26,15) (25,15) 1
(26,15) (27,15) 7
(27,15) (26,15) 2
(27,15) (28,15) 4
(28,15) (27,15) 4
(28,15) (29,15) 10
(29,15) (28,15) 6
(29,15) (30,15) 1
(30,15) (29,15) 4
(30,15) (31,15) 5
(31,15) (30,15) 3
(31,15) (32,15) 2
(32,15) (31,15) 4
(32,15) (33,15) 4
(33,15) (32,15) 6
(33,15) (34,15) 10
(34,15) (33,15) 8
(34,15) (35,15) 6
(35,15) (34,15) 2
(35,15) (36,15) 9
(36,15) (35,15) 6
(36,15) (37,15) 4
(37,15) (36,15) 3
(37,15) (38,15) 3
(38,15) (37,15) 7
(38,15) (39,15) 2
(39,15) (38,15) 4
(39,15) (40,15) 4
(40,15) (39,15) 2
(40,15) (41,15) 9
(41,15) (40,15) 9
(41,15) (42,15) 6
(42,15) (41,15) 4
(42,15) (43,15) 6
(43,15) (42,15) 8
(43,15) (44,15) 3
(44,15) (43,15) 8
(44,15) (45,15) 4
(45,15) (44,15) 10
(45,15) (46,15) 3
(46,15) (45,15) 1
(46,15) (47,15) 9
(47,15) (46,15) 1
(47,15) (48,15) 6
(48,15) (47,15) 5
(48,15) (49,15) 5
(49,15) (48,15) 9
(49,15) (50,15) 1
(50,15) (49,15) 9
(1,16) (2,16) 1
(2,16) (1,16) 10
(2,16) (3,16) 7
(3,16) (2,16) 7
(3,16) (4,16) 9
(4,16) (3,16) 1
(4,16) (5,16) 10
(5,16) (4,16) 4
(5,16) (6,16) 3
(6,16) (5,16) 5
(6,16) (7,16) 9
(7,16) (6,16) 9
(7,16) (8,16) 9
(8,16) (7,16) 3
(8,16) (9,16) 8
(9,16) (8,16) 5
(9,16) (10,16) 5
(10,16) (9,16) 9
(10,16) (11,16) 6
(11,16) (10,16) 4
(11,16) (12,16) 3
(12,16) (11,16) 9
(12,16) (13,16) 2
(13,16) (12,16) 3
(13,16) (14,16) 3
(14,16) (13,16) 5
(14,16) (15,16) 1
(15,16) (14,16) 6
(15,16) (16,16) 8
(16,16) (15,16) 3
(16,16) (17,16) 1
(17,16) (16,16) 9
(17,16) (18,16) 7
(18,16) (17,16) 7
(18,16) (19,16) 2
(19,16) (18,16) 6
(19,16) (20,16) 2
(20,16) (19,16) 6
(20,16) (21,16) 9
(21,16) (20,16) 3
(21,16) (22,16) 10
(22,16) (21,16) 6
(22,16) (23,16) 3
(23,16) (22,16) 10
(23,16) (24,16) 10
(24,16) (23,16) 5
(24,16) (25,16) 2
(25,16) (24,16) 7
(25,16) (26,16) 3
(26,16) (25,16) 10
(26,16) (27,16) 4
(27,16) (26,16) 5
(27,16) (28,16) 2
(28,16) (27,16) 6
(28,16) (29,16) 10
(29,16) (28,16) 8
(29,16) (30,16) 3
(30,16) (29,16) 6
(30,16) (31,16) 6
(31,16) (30,16) 2
(31,16) (32,16) 9
(32,16) (31,16) 3
(32,16) (33,16) 7
(33,16) (32,16) 10
(33,16) (34,16) 4
(34,16) (33,16) 3
(34,16) (35,16) 5
(35,16) (34,16) 8
(35,16) (36,16) 6
(36,16) (35,16) 3
(36,16) (37,16) 3
(37,16) (36,16) 3
(37,16) (38,16) 6
(38,16) (37,16) 3
(38,16) (39,16) 4
(39,16) (38,16) 9
(39,16) (40,16) 1
(40,16) (39,16) 2
(40,16) (41,16) 10
(41,16) (40,16) 3
(41,16) (42,16) 7
(42,16) (41,16) 5
(42,16) (43,16) 7
(43,16) (42,16) 3
(43,16) (44,16) 9
(44,16) (43,16) 4
(44,16) (45,16) 10
(45,16) (44,16) 7
(45,16) (46,16) 7
(46,16) (45,16) 9
(46,16) (47,16) 3
(47,16) (46,16) 7
(47,16) (48,16) 6
(48,16) (47,16) 7
(48,16) (49,16) 7
(49,16) (48,16) 8
(49,16) (50,16) 3
(50,16) (49,16) 9
(1,17) (2,17) 8
(2,17) (1,17) 8
(2,17) (3,17) 1
(3,17) (2,17) 5
(3,17) (4,17) 6
(4,17) (3,17) 4
(4,17) (5,17) 9
(5,17) (4,17) 2
(5,17) (6,17) 1
(6,17) (5,17) 8
(6,17) (7,17) 6
(7,17) (6,17) 6
(7,17) (8,17) 3
(8,17) (7,17) 9
(8,17) (9,17) 9
(9,17) (8,17) 1
(9,17) (10,17) 3
(10,17) (9,17) 3
(10,17) (11,17) 2
(11,17) (10,17) 5
(11,17) (12,17) 2
(12,17) (11,17) 2
(12,17) (13,17) 7
(13,17) (12,17) 10
(13,17) (14,17) 10
(14,17) (13,17) 5
(14,17) (15,17) 5
(15,17) (14,17) 2
(15,17) (16,17) 6
(16,17) (15,17) 8
(16,17) (17,17) 10
(17,17) (16,17) 8
(17,17) (18,17) 8
(18,17) (17,17) 2
(18,17) (19,17) 6
(19,17) (18,17) 5
(19,17) (20,17) 6
(20,17) (19,17) 10
(20,17) (21,17) 3
(21,17) (20,17) 1
(21,17) (22,17) 4
(22,17) (21,17) 4
(22,17) (23,17) 8
(23,17) (22,17) 9
(23,17) (24,17) 2
(24,17) (23,17) 5
(24,17) (25,17) 1
(25,17) (24,17) 10
(25,17) (26,17) 1
(26,17) (25,17) 10
(26,17) (27,17) 2
(27,17) (26,17) 3
(27,17) (28,17) 3
(28,17) (27,17) 8
(28,17) (29,17) 4
(29,17) (28,17) 1
(29,17) (30,17) 6
(30,17) (29,17) 4
(30,17) (31,17) 8
(31,17) (30,17) 7
(31,17) (32,17) 5
(32,17) (31,17) 7
(32,17) (33,17) 7
(33,17) (32,17) 10
(33,17) (34,17) 1
(34,17) (33,17) 6
(34,17) (35,17) 6
(35,17) (34,17) 1
(35,17) (36,17) 2
(36,17) (35,17) 4
(36,17) (37,17) 3
(37,17) (36,17) 6
(37,17) (38,17) 2
(38,17) (37,17) 6
(38,17) (39,17) 2
(39,17) (38,17) 6
(39,17) (40,17) 1
(40,17) (39,17) 2
(40,17) (41,17) 9
(41,17) (40,17) 9
(41,17) (42,17) 9
(42,17) (41,17) 2
(42,17) (43,17) 7
(43,17) (42,17) 9
(43,17) (44,17) 9
(44,17) (43,17) 9
(44,17) (45,17) 4
(45,17) (44,17) 8
(45,17) (46,17) 3
(46,17) (45,17) 10
(46,17) (47,17) 6
(47,17) (46,17) 9
(47,17) (48,17) 5
(48,17) (47,17) 5
(48,17) (49,17) 8
(49,17) (48,17) 10
(49,17) (50,17) 8
(50,17) (49,17) 10
(1,18) (2,18) 6
(2,18) (1,18) 1
(2,18) (3,18) 1
(3,18) (2,18) 6
(3,18) (4,18) 1
(4,18) (3,18) 3
(4,18) (5,18) 10
(5,18) (4,18) 8
(5,18) (6,18) 3
(6,18) (5,18) 6
(6,18) (7,18) 6
(7,18) (6,18) 8
(7,18) (8,18) 7
(8,18) (7,18) 4
(8,18) (9,18) 10
(9,18) (8,18) 7
(9,18) (10,18) 3
(10,18) (9,18) 9
(10,18) (11,18) 1
(11,18) (10,18) 9
(11,18) (12,18) 1
(12,18) (11,18) 5
(12,18) (13,18) 9
(13,18) (12,18) 1
(13,18) (14,18) 3
(14,18) (13,18) 1
(14,18) (15,18) 3
(15,18) (14,18) 6
(15,18) (16,18) 7
(16,18) (15,18) 7
(16,18) (17,18) 10
(17,18) (16,18) 2
(17,18) (18,18) 2
(18,18) (17,18) 8
(18,18) (19,18) 7
(19,18) (18,18) 3
(19,18) (20,18) 2
(20,18) (19,18) 10
(20,18) (21,18) 8
(21,18) (20,18) 5
(21,18) (22,18) 3
(22,18) (21,18) 10
(22,18) (23,18) 6
(23,18) (22,18) 2
(23,18) (24,18) 2
(24,18) (23,18) 9
(24,18) (25,18) 4
(25,18) (24,18) 4
(25,18) (26,18) 2
(26,18) (25,18) 3
(26,18) (27,18) 4
(27,18) (26,18) 3
(27,18) (28,18) 6
(28,18) (27,18) 6
(28,18) (29,18) 9
(29,18) (28,18) 2
(29,18) (30,18) 9
(30,18) (29,18) 6
(30,18) (31,18) 3
(31,18) (30,18) 7
(31,18) (32,18) 1
(32,18) (31,18) 9
(32,18) (33,18) 5
(33,18) (32,18) 8
(33,18) (34,18) 1
(34,18) (33,18) 10
(34,18) (35,18) 3
(35,18) (34,18) 2
(35,18) (36,18) 4
(36,18) (35,18) 1
(36,18) (37,18) 1
(37,18) (36,18) 9
(37,18) (38,18) 1
(38,18) (37,18) 10
(38,18) (39,18) 9
(39,18) (38,18) 8
(39,18) (40,18) 2
(40,18) (39,18) 2
(40,18) (41,18) 7
(41,18) (40,18) 8
(41,18) (42,18) 2
(42,18) (41,18) 4
(42,18) (43,18) 10
(43,18) (42,18) 8
(43,18) (44,18) 3
(44,18) (43,18) 5
(44,18) (45,18) 4
(45,18) (44,18) 2
(45,18) (46,18) 3
(46,18) (45,18) 7
(46,18) (47,18) 10
(47,18) (46,18) 9
(47,18) (48,18) 5
(48,18) (47,18) 4
(48,18) (49,18) 2
(49,18) (48,18) 9
(49,18) (50,18) 6
(50,18) (49,18) 1
(1,19) (2,19) 3
(2,19) (1,19) 5
(2,19) (3,19) 9
(3,19) (2,19) 6
(3,19) (4,19) 2
(4,19) (3,19) 10
(4,19) (5,19) 9
(5,19) (4,19) 3
(5,19) (6,19) 1
(6,19) (5,19) 4
(6,19) (7,19) 1
(7,19) (6,19) 9
(7,19) (8,19) 9
(8,19) (7,19) 7
(8,19) (9,19) 9
(9,19) (8,19) 10
(9,19) (10,19) 9
(10,19) (9,19) 10
(10,19) (11,19) 10
(11,19) (10,19) 9
(11,19) (12,19) 10
(12,19) (11,19) 2
(12,19) (13,19) 2
(13,19) (12,19) 1
(13,19) (14,19) 2
(14,19) (13,19) 10
(14,19) (15,19) 7
(15,19) (14,19) 8
(15,19) (16,19) 10
(16,19) (15,19) 6
(16,19) (17,19) 1
(17,19) (16,19) 5
(17,19) (18,19) 6
(18,19) (17,19) 2
(18,19) (19,19) 8
(19,19) (18,19) 10
(19,19) (20,19) 4
(20,19) (19,19) 8
(20,19) (21,19) 6
(21,19) (20,19) 3
(21,19) (22,19) 6
(22,19) (21,19) 5
(22,19) (23,19) 10
(23,19) (22,19) 2
(23,19) (24,19) 7
(24,19) (23,19) 4
(24,19) (25,19) 5
(25,19) (24,19) 8
(25,19) (26,19) 3
(26,19) (25,19) 7
(26,19) (27,19) 6
(27,19) (26,19) 9
(27,19) (28,19) 3
(28,19) (27,19) 1
(28,19) (29,19) 6
(29,19) (28,19) 1
(29,19) (30,19) 7
(30,19) (29,19) 2
(30,19) (31,19) 1
(31,19) (30,19) 9
(31,19) (32,19) 10
(32,19) (31,19) 7
(32,19) (33,19) 7
(33,19) (32,19) 10
(33,19) (34,19) 4
(34,19) (33,19) 1
(34,19) (35,19) 5
(35,19) (34,19) 8
(35,19) (36,19) 6
(36,19) (35,19) 7
(36,19) (37,19) 5
(37,19) (36,19) 5
(37,19) (38,19) 4
(38,19) (37,19) 5
(38,19) (39,19) 2
(39,19) (38,19) 5
(39,19) (40,19) 3
(40,19) (39,19) 5
(40,19) (41,19) 3
(41,19) (40,19) 5
(41,19) (42,19) 4
(42,19) (41,19) 4
(42,19) (43,19) 9
(43,19) (42,19) 7
(43,19) (44,19) 10
(44,19) (43,19) 10
(44,19) (45,19) 8
(45,19) (44,19) 10
(45,19) (46,19) 5
(46,19) (45,19) 9
(46,19) (47,19) 7
(47,19) (46,19) 5
(47,19) (48,19) 7
(48,19) (47,19) 8
(48,19) (49,19) 1
(49,19) (48,19) 3
(49,19) (50,19) 4
(50,19) (49,19) 9
(1,20) (2,20) 10
(2,20) (1,20) 8
(2,20) (3,20) 3
(3,20) (2,20) 9
(3,20) (4,20) 4
(4,20) (3,20) 7
(4,20) (5,20) 3
(5,20) (4,20) 3
(5,20) (6,20) 4
(6,20) (5,20) 2
(6,20) (7,20) 6
(7,20) (6,20) 9
(7,20) (8,20) 6
(8,20) (7,20) 10
(8,20) (9,20) 7
(9,20) (8,20) 7
(9,20) (10,20) 3
(10,20) (9,20) 2
(10,20) (11,20) 7
(11,20) (10,20) 10
(11,20) (12,20) 7
(12,20) (11,20) 5
(12,20) (13,20) 1
(13,20) (12,20) 4
(13,20) (14,20) 5
(14,20) (13,20) 4
(14,20) (15,20) 7
(15,20) (14,20) 7
(15,20) (16,20) 3
(16,20) (15,20) 4
(16,20) (17,20) 5
(17,20) (16,20) 4
(17,20) (18,20) 5
(18,20) (17,20) 1
(18,20) (19,20) 10
(19,20) (18,20) 5
(19,20) (20,20) 3
(20,20) (19,20) 2
(20,20) (21,20) 4
(21,20) (20,20) 8
(21,20) (22,20) 10
(22,20) (21,20) 9
(22,20) (23,20) 9
(23,20) (22,20) 3
(23,20) (24,20) 1
(24,20) (23,20) 5
(24,20) (25,20) 2
(25,20) (24,20) 6
(25,20) (26,20) 1
(26,20) (25,20) 2
(26,20) (27,20) 10
(27,20) (26,20) 9
(27,20) (28,20) 2
(28,20) (27,20) 1
(28,20) (29,20) 7
(29,20) (28,20) 4
(29,20) (30,20) 10
(30,20) (29,20) 5
(30,20) (31,20) 1
(31,20) (30,20) 4
(31,20) (32,20) 6
(32,20) (31,20) 5
(32,20) (33,20) 1
(33,20) (32,20) 5
(33,20) (34,20) 8
(34,20) (33,20) 7
(34,20) (35,20) 7
(35,20) (34,20) 8
(35,20) (36,20) 8
(36,20) (35,20) 7
(36,20) (37,20) 3
(37,20) (36,20) 10
(37,20) (38,20) 1
(38,20) (37,20) 7
(38,20) (39,20) 5
(39,20) (38,20) 3
(39,20) (40,20) 3
(40,20) (39,20) 8
(40,20) (41,20) 7
(41,20) (40,20) 10
(41,20) (42,20) 7
(42,20) (41,20) 2
(42,20) (43,20) 6
(43,20) (42,20) 4
(43,20) (44,20) 4
(44,20) (43,20) 5
(44,20) (45,20) 9
(45,20) (44,20) 7
(45,20) (46,20) 8
(46,20) (45,20) 7
(46,20) (47,20) 8
(47,20) (46,20) 7
(47,20) (48,20) 7
(48,20) (47,20) 9
(48,20) (49,20) 6
(49,20) (48,20) 5
(49,20) (50,20) 2
(50,20) (49,20) 1
(1,21) (2,21) 1
(2,21) (1,21) 1
(2,21) (3,21) 1
(3,21) (2,21) 5
(3,21) (4,21) 4
(4,21) (3,21) 7
(4,21) (5,21) 8
(5,21) (4,21) 4
(5,21) (6,21) 8
(6,21) (5,21) 8
(6,21) (7,21) 2
(7,21) (6,21) 8
(7,21) (8,21) 10
(8,21) (7,21) 10
(8,21) (9,21) 1
(9,21) (8,21) 8
(9,21) (10,21) 9
(10,21) (9,21) 6
(10,21) (11,21) 1
(11,21) (10,21) 7
(11,21) (12,21) 5
(12,21) (11,21) 3
(12,21) (13,21) 2
(13,21) (12,21) 10
(13,21) (14,21) 3
(14,21) (13,21) 9
(14,21) (15,21) 6
(15,21) (14,21) 4
(15,21) (16,21) 7
(16,21) (15,21) 7
(16,21) (17,21) 2
(17,21) (16,21) 7
(17,21) (18,21) 7
(18,21) (17,21) 2
(18,21) (19,21) 8
(19,21) (18,21) 3
(19,21) (20,21) 7
(20,21) (19,21) 7
(20,21) (21,21) 3
(21,21) (20,21) 1
(21,21) (22,21) 3
(22,21) (21,21) 10
(22,21) (23,21) 6
(23,21) (22,21) 4
(23,21) (24,21) 10
(24,21) (23,21) 6
(24,21) (25,21) 1
(25,21) (24,21) 1
(25,21) (26,21) 6
(26,21) (25,21) 3
(26,21) (27,21) 7
(27,21) (26,21) 2
(27,21) (28,21) 9
(28,21) (27,21) 5
(28,21) (29,21) 8
(29,21) (28,21) 5
(29,21) (30,21) 1
(30,21) (29,21) 2
(30,21) (31,21) 8
(31,21) (30,21) 3
(31,21) (32,21) 3
(32,21) (31,21) 10
(32,21) (33,21) 2
(33,21) (32,21) 6
(33,21) (34,21) 10
(34,21) (33,21) 1
(34,21) (35,21) 5
(35,21) (34,21) 10
(35,21) (36,21) 10
(36,21) (35,21) 7
(36,21) (37,21) 2
(37,21) (36,21) 4
(37,21) (38,21) 3
(38,21) (37,21) 5
(38,21) (39,21) 1
(39,21) (38,21) 5
(39,21) (40,21) 3
(40,21) (39,21) 10
(40,21) (41,21) 10
(41,21) (40,21) 1
(41,21) (42,21) 5
(42,21) (41,21) 1
(42,21) (43,21) 9
(43,21) (42,21) 2
(43,21) (44,21) 10
(44,21) (43,21) 5
(44,21) (45,21) 8
(45,21) (44,21) 10
(45,21) (46,21) 1
(46,21) (45,21) 1
(46,21) (47,21) 2
(47,21) (46,21) 4
(47,21) (48,21) 2
(48,21) (47,21) 9
(48,21) (49,21) 4
(49,21) (48,21) 6
(49,21) (50,21) 3
(50,21) (49,21) 7
(1,22) (2,22) 6
(2,22) (1,22) 1
(2,22) (3,22) 8
(3,22) (2,22) 2
(3,22) (4,22) 9
(4,22) (3,22) 10
(4,22) (5,22) 1
(5,22) (4,22) 10
(5,22) (6,22) 3
(6,22) (5,22) 2
(6,22) (7,22) 5
(7,22) (6,22) 3
(7,22) (8,22) 8
(8,22) (7,22) 2
(8,22) (9,22) 5
(9,22) (8,22) 10
(9,22) (10,22) 10
(10,22) (9,22) 1
(10,22) (11,22) 10
(11,22) (10,22) 5
(11,22) (12,22) 7
(12,22) (11,22) 6
(12,22) (13,22) 4
(13,22) (12,22) 7
(13,22) (14,22) 8
(14,22) (13,22) 8
(14,22) (15,22) 3
(15,22) (14,22) 2
(15,22) (16,22) 6
(16,22) (15,22) 5
(16,22) (17,22) 4
(17,22) (16,22) 3
(17,22) (18,22) 3
(18,22) (17,22) 7
(18,22) (19,22) 9
(19,22) (18,22) 4
(19,22) (20,22) 4
(20,22) (19,22) 7
(20,22) (21,22) 4
(21,22) (20,22) 8
(21,22) (22,22) 7
(22,22) (21,22) 4
(22,22) (23,22) 2
(23,22) (22,22) 10
(23,22) (24,22) 9
(24,22) (23,22) 10
(24,22) (25,22) 9
(25,22) (24,22) 6
(25,22) (26,22) 5
(26,22) (25,22) 4
(26,22) (27,22) 1
(27,22) (26,22) 2
(27,22) (28,22) 6
(28,22) (27,22) 1
(28,22) (29,22) 8
(29,22) (28,22) 8
(29,22) (30,22) 3
(30,22) (29,22) 3
(30,22) (31,22) 10
(31,22) (30,22) 1
(31,22) (32,22) 8
(32,22) (31,22) 1
(32,22) (33,22) 8
(33,22) (32,22) 1
(33,22) (34,22) 2
(34,22) (33,22) 9
(34,22) (35,22) 7
(35,22) (34,22) 1
(35,22) (36,22) 6
(36,22) (35,22) 2
(36,22) (37,22) 3
(37,22) (36,22) 4
(37,22) (38,22) 6
(38,22) (37,22) 10
(38,22) (39,22) 4
(39,22) (38,22) 3
(39,22) (40,22) 8
(40,22) (39,22) 9
(40,22) (41,22) 9
(41,22) (40,22) 5
(41,22) (42,22) 1
(42,22) (41,22) 1
(42,22) (43,22) 7
(43,22) (42,22) 7
(43,22) (44,22) 8
(44,22) (43,22) 10
(44,22) (45,22) 8
(45,22) (44,22) 5
(45,22) (46,22) 8
(46,22) (45,22) 10
(46,22) (47,22) 10
(47,22) (46,22) 1
(47,22) (48,22) 3
(48,22) (47,22) 2
(48,22) (49,22) 10
(49,22) (48,22) 5
(49,22) (50,22) 2
(50,22) (49,22) 5
(1,23) (2,23) 4
(2,23) (1,23) 3
(2,23) (3,23) 5
(3,23) (2,23) 8
(3,23) (4,23) 1
(4,23) (3,23) 6
(4,23) (5,23) 8
(5,23) (4,23) 2
(5,23) (6,23) 2
(6,23) (5,23) 6
(6,23) (7,23) 9
(7,23) (6,23) 5
(7,23) (8,23) 8
(8,23) (7,23) 2
(8,23) (9,23) 4
(9,23) (8,23) 4
(9,23) (10,23) 8
(10,23) (9,23) 2
(10,23) (11,23) 6
(11,23) (10,23) 7
(11,23) (12,23) 7
(12,23) (11,23) 5
(12,23) (13,23) 6
(13,23) (12,23) 10
(13,23) (14,23) 1
(14,23) (13,23) 5
(14,23) (15,23) 7
(15,23) (14,23) 8
(15,23) (16,23) 1
(16,23) (15,23) 8
(16,23) (17,23) 10
(17,23) (16,23) 6
(17,23) (18,23) 4
(18,23) (17,23) 3
(18,23) (19,23) 10
(19,23) (18,23) 9
(19,23) (20,23) 2
(20,23) (19,23) 10
(20,23) (21,23) 4
(21,23) (20,23) 6
(21,23) (22,23) 7
(22,23) (21,23) 5
(22,23) (23,23) 8
(23,23) (22,23) 8
(23,23) (24,23) 7
(24,23) (23,23) 7
(24,23) (25,23) 5
(25,23) (24,23) 6
(25,23) (26,23) 6
(26,23) (25,23) 5
(26,23) (27,23) 3
(27,23) (26,23) 8
(27,23) (28,23) 5
(28,23) (27,23) 4
(28,23) (29,23) 2
(29,23) (28,23) 10
(29,23) (30,23) 10
(30,23) (29,23) 3
(30,23) (31,23) 10
(31,23) (30,23) 7
(31,23) (32,23) 6
(32,23) (31,23) 3
(32,23) (33,23) 6
(33,23) (32,23) 6
(33,23) (34,23) 1
(34,23) (33,23) 10
(34,23) (35,23) 1
(35,23) (34,23) 6
(35,23) (36,23) 7
(36,23) (35,23) 9
(36,23) (37,23) 2
(37,23) (36,23) 7
(37,23) (38,23) 1
(38,23) (37,23) 9
(38,23) (39,23) 6
(39,23) (38,23) 4
(39,23) (40,23) 3
(40,23) (39,23) 3
(40,23) (41,23) 7
(41,23) (40,23) 10
(41,23) (42,23) 1
(42,23) (41,23) 7
(42,23) (43,23) 10
(43,23) (42,23) 3
(43,23) (44,23) 7
(44,23) (43,23) 2
(44,23) (45,23) 2
(45,23) (44,23) 5
(45,23) (46,23) 8
(46,23) (45,23) 1
(46,23) (47,23) 1
(47,23) (46,23) 3
(47,23) (48,23) 1
(48,23) (47,23) 8
(48,23) (49,23) 1
(49,23) (48,23) 10
(49,23) (50,23) 4
(50,23) (49,23) 8
(1,24) (2,24) 4
(2,24) (1,24) 10
(2,24) (3,24) 3
(3,24) (2,24) 10
(3,24) (4,24) 1
(4,24) (3,24) 1
(4,24) (5,24) 5
(5,24) (4,24) 1
(5,24) (6,24) 3
(6,24) (5,24) 1
(6,24) (7,24) 9
(7,24) (6,24) 3
(7,24) (8,24) 10
(8,24) (7,24) 3
(8,24) (9,24) 2
(9,24) (8,24) 1
(9,24) (10,24) 2
(10,24) (9,24) 4
(10,24) (11,24) 6
(11,24) (10,24) 4
(11,24) (12,24) 4
(12,24) (11,24) 6
(12,24) (13,24) 7
(13,24) (12,24) 7
(13,24) (14,24) 4
(14,24) (13,24) 10
(14,24) (15,24) 7
(15,24) (14,24) 4
(15,24) (16,24) 5
(16,24) (15,24) 2
(16,24) (17,24) 5
(17,24) (16,24) 8
(17,24) (18,24) 4
(18,24) (17,24) 1
(18,24) (19,24) 2
(19,24) (18,24) 4
(19,24) (20,24) 8
(20,24) (19,24) 3
(20,24) (21,24) 6
(21,24) (20,24) 5
(21,24) (22,24) 1
(22,24) (21,24) 9
(22,24) (23,24) 4
(23,24) (22,24) 1
(23,24) (24,24) 10
(24,24) (23,24) 10
(24,24) (25,24) 3
(25,24) (24,24) 7
(25,24) (26,24) 8
(26,24) (25,24) 5
(26,24) (27,24) 9
(27,24) (26,24) 10
(27,24) (28,24) 3
(28,24) (27,24) 10
(28,24) (29,24) 1
(29,24) (28,24) 2
(29,24) (30,24) 4
(30,24) (29,24) 10
(30,24) (31,24) 9
(31,24) (30,24) 2
(31,24) (32,24) 5
(32,24) (31,24) 5
(32,24) (33,24) 4
(33,24) (32,24) 2
(33,24) (34,24) 9
(34,24) (33,24) 7
(34,24) (35,24) 7
(35,24) (34,24) 5
(35,24) (36,24) 8
(36,24) (35,24) 9
(36,24) (37,24) 8
(37,24) (36,24) 9
(37,24) (38,24) 3
(38,24) (37,24) 10
(38,24) (39,24) 3
(39,24) (38,24) 10
(39,24) (40,24) 2
(40,24) (39,24) 6
(40,24) (41,24) 6
(41,24) (40,24) 9
(41,24) (42,24) 8
(42,24) (41,24) 6
(42,24) (43,24) 3
(43,24) (42,24) 5
(43,24) (44,24) 8
(44,24) (43,24) 4
(44,24) (45,24) 3
(45,24) (44,24) 1
(45,24) (46,24) 7
(46,24) (45,24) 4
(46,24) (47,24) 4
(47,24) (46,24) 2
(47,24) (48,24) 2
(48,24) (47,24) 3
(48,24) (49,24) 5
(49,24) (48,24) 10
(49,24) (50,24) 9
(50,24) (49,24) 10
(1,25) (2,25) 2
(2,25) (1,25) 3
(2,25) (3,25) 6
(3,25) (2,25) 8
(3,25) (4,25) 10
(4,25) (3,25) 1
(4,25) (5,25) 9
(5,25) (4,25) 10
(5,25) (6,25) 10
(6,25) (5,25) 2
(6,25) (7,25) 10
(7,25) (6,25) 2
(7,25) (8,25) 10
(8,25) (7,25) 6
(8,25) (9,25) 4
(9,25) (8,25) 1
(9,25) (10,25) 9
(10,25) (9,25) 4
(10,25) (11,25) 6
(11,25) (10,25) 9
(11,25) (12,25) 3
(12,25) (11,25) 2
(12,25) (13,25) 9
(13,25) (12,25) 2
(13,25) (14,25) 7
(14,25) (13,25) 10
(14,25) (15,25) 3
(15,25) (14,25) 3
(15,25) (16,25) 10
(16,25) (15,25) 5
(16,25) (17,25) 2
(17,25) (16,25) 8
(17,25) (18,25) 3
(18,25) (17,25) 5
(18,25) (19,25) 8
(19,25) (18,25) 6
(19,25) (20,25) 10
(20,25) (19,25) 2
(20,25) (21,25) 7
(21,25) (20,25) 8
(21,25) (22,25) 6
(22,25) (21,25) 7
(22,25) (23,25) 8
(23,25) (22,25) 10
(23,25) (24,25) 6
(24,25) (23,25) 8
(24,25) (25,25) 2
(25,25) (24,25) 2
(25,25) (26,25) 2
(26,25) (25,25) 7
(26,25) (27,25) 3
(27,25) (26,25) 6
(27,25) (28,25) 1
(28,25) (27,25) 7
(28,25) (29,25) 9
(29,25) (28,25) 3
(29,25) (30,25) 4
(30,25) (29,25) 3
(30,25) (31,25) 6
(31,25) (30,25) 5
(31,25) (32,25) 4
(32,25) (31,25) 3
(32,25) (33,25) 10
(33,25) (32,25) 4
(33,25) (34,25) 9
(34,25) (33,25) 7
(34,25) (35,25) 10
(35,25) (34,25) 4
(35,25) (36,25) 5
(36,25) (35,25) 9
(36,25) (37,25) 1
(37,25) (36,25) 4
(37,25) (38,25) 2
(38,25) (37,25) 1
(38,25) (39,25) 8
(39,25) (38,25) 4
(39,25) (40,25) 6
(40,25) (39,25) 9
(40,25) (41,25) 6
(41,25) (40,25) 9
(41,25) (42,25) 4
(42,25) (41,25) 3
(42,25) (43,25) 2
(43,25) (42,25) 10
(43,25) (44,25) 1
(44,25) (43,25) 1
(44,25) (45,25) 6
(45,25) (44,25) 3
(45,25) (46,25) 8
(46,25) (45,25) 4
(46,25) (47,25) 6
(47,25) (46,25) 8
(47,25) (48,25) 1
(48,25) (47,25) 9
(48,25) (49,25) 2
(49,25) (48,25) 5
(49,25) (50,25) 1
(50,25) (49,25) 10
(1,26) (2,26) 1
(2,26) (1,26) 9
(2,26) (3,26) 4
(3,26) (2,26) 8
(3,26) (4,26) 2
(4,26) (3,26) 7
(4,26) (5,26) 6
(5,26) (4,26) 4
(5,26) (6,26) 10
(6,26) (5,26) 3
(6,26) (7,26) 5
(7,26) (6,26) 6
(7,26) (8,26) 10
(8,26) (7,26) 6
(8,26) (9,26) 8
(9,26) (8,26) 10
(9,26) (10,26) 2
(10,26) (9,26) 1
(10,26) (11,26) 1
(11,26) (10,26) 6
(11,26) (12,26) 5
(12,26) (11,26) 5
(12,26) (13,26) 6
(13,26) (12,26) 7
(13,26) (14,26) 2
(14,26) (13,26) 7
(14,26) (15,26) 1
(15,26) (14,26) 1
(15,26) (16,26) 3
(16,26) (15,26) 1
(16,26) (17,26) 5
(17,26) (16,26) 7
(17,26) (18,26) 2
(18,26) (17,26) 6
(18,26) (19,26) 2
(19,26) (18,26) 3
(19,26) (20,26) 5
(20,26) (19,26) 10
(20,26) (21,26) 1
(21,26) (20,26) 10
(21,26) (22,26) 2
(22,26) (21,26) 3
(22,26) (23,26) 5
(23,26) (22,26) 9
(23,26) (24,26) 4
(24,26) (23,26) 10
(24,26) (25,26) 7
(25,26) (24,26) 3
(25,26) (26,26) 7
(26,26) (25,26) 8
(26,26) (27,26) 5
(27,26) (26,26) 2
(27,26) (28,26) 3
(28,26) (27,26) 9
(28,26) (29,26) 5
(29,26) (28,26) 5
(29,26) (30,26) 6
(30,26) (29,26) 5
(30,26) (31,26) 8
(31,26) (30,26) 5
(31,26) (32,26) 3
(32,26) (31,26) 1
(32,26) (33,26) 7
(33,26) (32,26) 6
(33,26) (34,26) 2
(34,26) (33,26) 10
(34,26) (35,26) 7
(35,26) (34,26) 9
(35,26) (36,26) 9
(36,26) (35,26) 1
(36,26) (37,26) 5
(37,26) (36,26) 4
(37,26) (38,26) 4
(38,26) (37,26) 4
(38,26) (39,26) 1
(39,26) (38,26) 8
(39,26) (40,26) 5
(40,26) (39,26) 9
(40,26) (41,26) 2
(41,26) (40,26) 5
(41,26) (42,26) 4
(42,26) (41,26) 9
(42,26) (43,26) 7
(43,26) (42,26) 1
(43,26) (44,26) 3
(44,26) (43,26) 8
(44,26) (45,26) 6
(45,26) (44,26) 2
(45,26) (46,26) 7
(46,26) (45,26) 7
(46,26) (47,26) 8
(47,26) (46,26) 8
(47,26) (48,26) 4
(48,26) (47,26) 3
(48,26) (49,26) 3
(49,26) (48,26) 10
(49,26) (50,26) 2
(50,26) (49,26) 4
(1,27) (2,27) 2
(2,27) (1,27) 1
(2,27) (3,27) 2
(3,27) (2,27) 9
(3,27) (4,27) 5
(4,27) (3,27) 7
(4,27) (5,27) 4
(5,27) (4,27) 3
(5,27) (6,27) 5
(6,27) (5,27) 3
(6,27) (7,27) 5
(7,27) (6,27) 8
(7,27) (8,27) 6
(8,27) (7,27) 10
(8,27) (9,27) 6
(9,27) (8,27) 5
(9,27) (10,27) 4
(10,27) (9,27) 7
(10,27) (11,27) 10
(11,27) (10,27) 7
(11,27) (12,27) 9
(12,27) (11,27) 5
(12,27) (13,27) 8
(13,27) (12,27) 8
(13,27) (14,27) 8
(14,27) (13,27) 5
(14,27) (15,27) 6
(15,27) (14,27) 4
(15,27) (16,27) 4
(16,27) (15,27) 7
(16,27) (17,27) 4
(17,27) (16,27) 3
(17,27) (18,27) 9
(18,27) (17,27) 7
(18,27) (19,27) 2
(19,27) (18,27) 3
(19,27) (20,27) 7
(20,27) (19,27) 4
(20,27) (21,27) 10
(21,27) (20,27) 4
(21,27) (22,27) 10
(22,27) (21,27) 2
(22,27) (23,27) 10
(23,27) (22,27) 8
(23,27) (24,27) 7
(24,27) (23,27) 6
(24,27) (25,27) 10
(25,27) (24,27) 10
(25,27) (26,27) 10
(26,27) (25,27) 6
(26,27) (27,27) 10
(27,27) (26,27) 6
(27,27) (28,27) 1
(28,27) (27,27) 9
(28,27) (29,27) 9
(29,27) (28,27) 9
(29,27) (30,27) 4
(30,27) (29,27) 8
(30,27) (31,27) 9
(31,27) (30,27) 4
(31,27) (32,27) 3
(32,27) (31,27) 10
(32,27) (33,27) 7
(33,27) (32,27) 8
(33,27) (34,27) 6
(34,27) (33,27) 3
(34,27) (35,27) 7
(35,27) (34,27) 9
(35,27) (36,27) 5
(36,27) (35,27) 5
(36,27) (37,27) 6
(37,27) (36,27) 6
(37,27) (38,27) 3
(38,27) (37,27) 3
(38,27) (39,27) 9
(39,27) (38,27) 9
(39,27) (40,27) 10
(40,27) (39,27) 10
(40,27) (41,27) 4
(41,27) (40,27) 5
(41,27) (42,27) 5
(42,27) (41,27) 6
(42,27) (43,27) 9
(43,27) (42,27) 1
(43,27) (44,27) 9
(44,27) (43,27) 2
(44,27) (45,27) 7
(45,27) (44,27) 4
(45,27) (46,27) 8
(46,27) (45,27) 3
(46,27) (47,27) 4
(47,27) (46,27) 2
(47,27) (48,27) 4
(48,27) (47,27) 6
(48,27) (49,27) 6
(49,27) (48,27) 8
(49,27) (50,27) 3
(50,27) (49,27) 9
(1,28) (2,28) 8
(2,28) (1,28) 3
(2,28) (3,28) 2
(3,28) (2,28) 10
(3,28) (4,28) 10
(4,28) (3,28) 10
(4,28) (5,28) 8
(5,28) (4,28) 7
(5,28) (6,28) 6
(6,28) (5,28) 10
(6,28) (7,28) 10
(7,28) (6,28) 5
(7,28) (8,28) 1
(8,28) (7,28) 3
(8,28) (9,28) 10
(9,28) (8,28) 10
(9,28) (10,28) 8
(10,28) (9,28) 4
(10,28) (11,28) 8
(11,28) (10,28) 9
(11,28) (12,28) 9
(12,28) (11,28) 3
(12,28) (13,28) 4
(13,28) (12,28) 3
(13,28) (14,28) 7
(14,28) (13,28) 4
(14,28) (15,28) 7
(15,28) (14,28) 5
(15,28) (16,28) 5
(16,28) (15,28) 9
(16,28) (17,28) 4
(17,28) (16,28) 4
(17,28) (18,28) 8
(18,28) (17,28) 7
(18,28) (19,28) 4
(19,28) (18,28) 10
(19,28) (20,28) 8
(20,28) (19,28) 5
(20,28) (21,28) 7
(21,28) (20,28) 2
(21,28) (22,28) 9
(22,28) (21,28) 4
(22,28) (23,28) 8
(23,28) (22,28) 7
(23,28) (24,28) 8
(24,28) (23,28) 5
(24,28) (25,28) 3
(25,28) (24,28) 7
(25,28) (26,28) 7
(26,28) (25,28) 3
(26,28) (27,28) 1
(27,28) (26,28) 6
(27,28) (28,28) 9
(28,28) (27,28) 5
(28,28) (29,28) 2
(29,28) (28,28) 4
(29,28) (30,28) 10
(30,28) (29,28) 2
(30,28) (31,28) 6
(31,28) (30,28) 1
(31,28) (32,28) 10
(32,28) (31,28) 4
(32,28) (33,28) 6
(33,28) (32,28) 3
(33,28) (34,28) 8
(34,28) (33,28) 5
(34,28) (35,28) 5
(35,28) (34,28) 1
(35,28) (36,28) 9
(36,28) (35,28) 4
(36,28) (37,28) 9
(37,28) (36,28) 8
(37,28) (38,28) 7
(38,28) (37,28) 5
(38,28) (39,28) 1
(39,28) (38,28) 5
(39,28) (40,28) 9
(40,28) (39,28) 8
(40,28) (41,28) 1
(41,28) (40,28) 8
(41,28) (42,28) 9
(42,28) (41,28) 4
(42,28) (43,28) 7
(43,28) (42,28) 9
(43,28) (44,28) 6
(44,28) (43,28) 2
(44,28) (45,28) 1
(45,28) (44,28) 9
(45,28) (46,28) 10
(46,28) (45,28) 8
(46,28) (47,28) 8
(47,28) (46,28) 9
(47,28) (48,28) 6
(48,28) (47,28) 7
(48,28) (49,28) 9
(49,28) (48,28) 2
(49,28) (50,28) 9
(50,28) (49,28) 9
(1,29) (2,29) 4
(2,29) (1,29) 8
(2,29) (3,29) 6
(3,29) (2,29) 4
(3,29) (4,29) 2
(4,29) (3,29) 8
(4,29) (5,29) 6
(5,29) (4,29) 10
(5,29) (6,29) 3
(6,29) (5,29) 2
(6,29) (7,29) 2
(7,29) (6,29) 1
(7,29) (8,29) 8
(8,29) (7,29) 8
(8,29) (9,29) 4
(9,29) (8,29) 7
(9,29) (10,29) 1
(10,29) (9,29) 9
(10,29) (11,29) 7
(11,29) (10,29) 2
(11,29) (12,29) 7
(12,29) (11,29) 6
(12,29) (13,29) 9
(13,29) (12,29) 4
(13,29) (14,29) 4
(14,29) (13,29) 10
(14,29) (15,29) 7
(15,29) (14,29) 9
(15,29) (16,29) 9
(16,29) (15,29) 7
(16,29) (17,29) 2
(17,29) (16,29) 3
(17,29) (18,29) 6
(18,29) (17,29) 8
(18,29) (19,29) 3
(19,29) (18,29) 6
(19,29) (20,29) 1
(20,29) (19,29) 4
(20,29) (21,29) 2
(21,29) (20,29) 4
(21,29) (22,29) 1
(22,29) (21,29) 8
(22,29) (23,29) 8
(23,29) (22,29) 9
(23,29) (24,29) 9
(24,29) (23,29) 2
(24,29) (25,29) 8
(25,29) (24,29) 6
(25,29) (26,29) 1
(26,29) (25,29) 1
(26,29) (27,29) 7
(27,29) (26,29) 8
(27,29) (28,29) 6
(28,29) (27,29) 3
(28,29) (29,29) 4
(29,29) (28,29) 2
(29,29) (30,29) 4
(30,29) (29,29) 8
(30,29) (31,29) 3
(31,29) (30,29) 6
(31,29) (32,29) 8
(32,29) (31,29) 3
(32,29) (33,29) 10
(33,29) (32,29) 4
(33,29) (34,29) 7
(34,29) (33,29) 1
(34,29) (35,29) 9
(35,29) (34,29) 9
(35,29) (36,29) 10
(36,29) (35,29) 2
(36,29) (37,29) 2
(37,29) (36,29) 4
(37,29) (38,29) 4
(38,29) (37,29) 5
(38,29) (39,29) 5
(39,29) (38,29) 3
(39,29) (40,29) 3
(40,29) (39,29) 2
(40,29) (41,29) 4
(41,29) (40,29) 5
(41,29) (42,29) 4
(42,29) (41,29) 5
(42,29) (43,29) 10
(43,29) (42,29) 2
(43,29) (44,29) 10
(44,29) (43,29) 1
(44,29) (45,29) 9
(45,29) (44,29) 10
(45,29) (46,29) 10
(46,29) (45,29) 8
(46,29) (47,29) 8
(47,29) (46,29) 7
(47,29) (48,29) 4
(48,29) (47,29) 9
(48,29) (49,29) 2
(49,29) (48,29) 7
(49,29) (50,29) 7
(50,29) (49,29) 2
(1,30) (2,30) 4
(2,30) (1,30) 4
(2,30) (3,30) 1
(3,30) (2,30) 6
(3,30) (4,30) 2
(4,30) (3,30) 1
(4,30) (5,30) 1
(5,30) (4,30) 2
(5,30) (6,30) 7
(6,30) (5,30) 2
(6,30) (7,30) 10
(7,30) (6,30) 2
(7,30) (8,30) 2
(8,30) (7,30) 9
(8,30) (9,30) 9
(9,30) (8,30) 2
(9,30) (10,30) 3
(10,30) (9,30) 3
(10,30) (11,30) 1
(11,30) (10,30) 7
(11,30) (12,30) 4
(12,30) (11,30) 6
(12,30) (13,30) 5
(13,30) (12,30) 4
(13,30) (14,30) 2
(14,30) (13,30) 6
(14,30) (15,30) 2
(15,30) (14,30) 3
(15,30) (16,30) 9
(16,30) (15,30) 10
(16,30) (17,30) 3
(17,30) (16,30) 3
(17,30) (18,30) 5
(18,30) (17,30) 6
(18,30) (19,30) 10
(19,30) (18,30) 6
(19,30) (20,30) 4
(20,30) (19,30) 9
(20,30) (21,30) 9
(21,30) (20,30) 8
(21,30) (22,30) 2
(22,30) (21,30) 9
(22,30) (23,30) 1
(23,30) (22,30) 1
(23,30) (24,30) 10
(24,30) (23,30) 3
(24,30) (25,30) 10
(25,30) (24,30) 1
(25,30) (26,30) 3
(26,30) (25,30) 6
(26,30) (27,30) 1
(27,30) (26,30) 9
(27,30) (28,30) 6
(28,30) (27,30) 4
(28,30) (29,30) 9
(29,30) (28,30) 7
(29,30) (30,30) 5
(30,30) (29,30) 4
(30,30) (31,30) 6
(31,30) (30,30) 5
(31,30) (32,30) 1
(32,30) (31,30) 4
(32,30) (33,30) 5
(33,30) (32,30) 3
(33,30) (34,30) 9
(34,30) (33,30) 8
(34,30) (35,30) 6
(35,30) (34,30) 8
(35,30) (36,30) 7
(36,30) (35,30) 10
(36,30) (37,30) 9
(37,30) (36,30) 1
(37,30) (38,30) 2
(38,30) (37,30) 5
(38,30) (39,30) 9
(39,30) (38,30) 4
(39,30) (40,30) 4
(40,30) (39,30) 3
(40,30) (41,30) 2
(41,30) (40,30) 8
(41,30) (42,30) 2
(42,30) (41,30) 10
(42,30) (43,30) 10
(43,30) (42,30) 9
(43,30) (44,30) 8
(44,30) (43,30) 4
(44,30) (45,30) 3
(45,30) (44,30) 2
(45,30) (46,30) 3
(46,30) (45,30) 7
(46,30) (47,30) 4
(47,30) (46,30) 7
(47,30) (48,30) 10
(48,30) (47,30) 2
(48,30) (49,30) 7
(49,30) (48,30) 2
(49,30) (50,30) 7
(50,30) (49,30) 5
(1,30) t 6
(2,30) t 10
(3,30) t 3
(4,30) t 4
(5,30) t 5
(6,30) t 2
(7,30) t 3
(8,30) t 7
(9,30) t 8
(10,30) t 7
(11,30) t 4
(12,30) t 8
(13,30) t 5
(14,30) t 6
(15,30) t 1
(16,30) t 4
(17,30) t 3
(18,30) t 4
(19,30) t 9
(20,30) t 2
(21,30) t 4
(22,30) t 1
(23,30) t 8
(24,30) t 6
(25,30) t 4
(26,30) t 8
(27,30) t 3
(28,30) t 4
(29,30) t 2
(30,30) t 9
(31,30) t 4
(32,30) t 10
(33,30) t 4
(34,30) t 4
(35,30) t 10
(36,30) t 2
(37,30) t 4
(38,30) t 1
(39,30) t 5
(40,30) t 8
(41,30) t 2
(42,30) t 6
(43,30) t 5
(44,30) t 6
(45,30) t 7
(46,30) t 3
(47,30) t 3
(48,30) t 1
(49,30) t 4
(50,30) t 6
