s (1,1) 22
s (2,1) 53
s (3,1) 41
s (4,1) 25
s (5,1) 47
s (6,1) 71
s (7,1) 3
s (8,1) 12
s (9,1) 39
s (10,1) 58
s (11,1) 41
s (12,1) 36
s (13,1) 3
s (14,1) 48
s (15,1) 58
s (16,1) 15
s (17,1) 24
s (18,1) 6
s (19,1) 8
s (20,1) 50
(1,1) (1,2) 43
(2,1) (2,2) 56
(3,1) (3,2) 69
(4,1) (4,2) 73
(5,1) (5,2) 37
(6,1) (6,2) 10
(7,1) (7,2) 71
(8,1) (8,2) 40
(9,1) (9,2) 62
(10,1) (10,2) 54
(11,1) (11,2) 21
(12,1) (12,2) 20
(13,1) (13,2) 39
(14,1) (14,2) 28
(15,1) (15,2) 19
(16,1) (16,2) 69
(17,1) (17,2) 26
(18,1) (18,2) 62
(19,1) (19,2) 55
(20,1) (20,2) 62
(1,2) (1,3) 45
(2,2) (2,3) 51
(3,2) (3,3) 22
(4,2) (4,3) 63
(5,2) (5,3) 50
(6,2) (6,3) 59
(7,2) (7,3) 19
(8,2) (8,3) 49
(9,2) (9,3) 65
(10,2) (10,3) 63
(11,2) (11,3) 36
(12,2) (12,3) 58
(13,2) (13,3) 75
(14,2) (14,3) 47
(15,2) (15,3) 26
(16,2) (16,3) 46
(17,2) (17,3) 5
(18,2) (18,3) 34
(19,2) (19,3) 49
(20,2) (20,3) 49
(1,3) (1,4) 36
(2,3) (2,4) 22
(3,3) (3,4) 9
(4,3) (4,4) 47
(5,3) (5,4) 49
(6,3) (6,4) 54
(7,3) (7,4) 29
(8,3) (8,4) 10
(9,3) (9,4) 57
(10,3) (10,4) 66
(11,3) (11,4) 67
(12,3) (12,4) 66
(13,3) (13,4) 30
(14,3) (14,4) 68
(15,3) (15,4) 8
(16,3) (16,4) 3
(17,3) (17,4) 63
(18,3) (18,4) 19
(19,3) (19,4) 10
(20,3) (20,4) 50
(1,4) (1,5) 24
(2,4) (2,5) 47
(3,4) (3,5) 45
(4,4) (4,5) 42
(5,4) (5,5) 33
(6,4) (6,5) 75
(7,4) (7,5) 52
(8,4) (8,5) 28
(9,4) (9,5) 46
(10,4) (10,5) 34
(11,4) (11,5) 69
(12,4) (12,5) 73
(13,4) (13,5) 54
(14,4) (14,5) 10
(15,4) (15,5) 45
(16,4) (16,5) 64
(17,4) (17,5) 59
(18,4) (18,5) 41
(19,4) (19,5) 65
(20,4) (20,5) 43
(1,5) (1,6) 42
(2,5) (2,6) 51
(3,5) (3,6) 22
(4,5) (4,6) 11
(5,5) (5,6) 10
(6,5) (6,6) 22
(7,5) (7,6) 4
(8,5) (8,6) 58
(9,5) (9,6) 29
(10,5) (10,6) 14
(11,5) (11,6) 30
(12,5) (12,6) 40
(13,5) (13,6) 17
(14,5) (14,6) 43
(15,5) (15,6) 1
(16,5) (16,6) 13
(17,5) (17,6) 20
(18,5) (18,6) 12
(19,5) (19,6) 50
(20,5) (20,6) 14
(1,6) (1,7) 31
(2,6) (2,7) 52
(3,6) (3,7) 13
(4,6) (4,7) 56
(5,6) (5,7) 73
(6,6) (6,7) 29
(7,6) (7,7) 61
(8,6) (8,7) 19
(9,6) (9,7) 31
(10,6) (10,7) 46
(11,6) (11,7) 36
(12,6) (12,7) 9
(13,6) (13,7) 70
(14,6) (14,7) 26
(15,6) (15,7) 38
(16,6) (16,7) 40
(17,6) (17,7) 50
(18,6) (18,7) 14
(19,6) (19,7) 28
(20,6) (20,7) 63
(1,7) (1,8) 30
(2,7) (2,8) 57
(3,7) (3,8) 69
(4,7) (4,8) 38
(5,7) (5,8) 38
(6,7) (6,8) 43
(7,7) (7,8) 11
(8,7) (8,8) 58
(9,7) (9,8) 67
(10,7) (10,8) 52
(11,7) (11,8) 66
(12,7) (12,8) 60
(13,7) (13,8) 67
(14,7) (14,8) 27
(15,7) (15,8) 46
(16,7) (16,8) 18
(17,7) (17,8) 64
(18,7) (18,8) 15
(19,7) (19,8) 61
(20,7) (20,8) 70
(1,8) (1,9) 60
(2,8) (2,9) 43
(3,8) (3,9) 56
(4,8) (4,9) 48
(5,8) (5,9) 44
(6,8) (6,9) 50
(7,8) (7,9) 51
(8,8) (8,9) 64
(9,8) (9,9) 35
(10,8) (10,9) 74
(11,8) (11,9) 40
(12,8) (12,9) 39
(13,8) (13,9) 39
(14,8) (14,9) 2
(15,8) (15,9) 32
(16,8) (16,9) 39
(17,8) (17,9) 19
(18,8) (18,9) 26
(19,8) (19,9) 47
(20,8) (20,9) 75
(1,9) (1,10) 6
(2,9) (2,10) 22
(3,9) (3,10) 19
(4,9) (4,10) 71
(5,9) (5,10) 28
(6,9) (6,10) 31
(7,9) (7,10) 23
(8,9) (8,10) 50
(9,9) (9,10) 39
(10,9) (10,10) 55
(11,9) (11,10) 21
(12,9) (12,10) 13
(13,9) (13,10) 58
(14,9) (14,10) 71
(15,9) (15,10) 17
(16,9) (16,10) 69
(17,9) (17,10) 75
(18,9) (18,10) 16
(19,9) (19,10) 39
(20,9) (20,10) 63
(1,10) (1,11) 22
(2,10) (2,11) 53
(3,10) (3,11) 33
(4,10) (4,11) 57
(5,10) (5,11) 58
(6,10) (6,11) 66
(7,10) (7,11) 6
(8,10) (8,11) 46
(9,10) (9,11) 28
(10,10) (10,11) 75
(11,10) (11,11) 16
(12,10) (12,11) 67
(13,10) (13,11) 18
(14,10) (14,11) 43
(15,10) (15,11) 33
(16,10) (16,11) 6
(17,10) (17,11) 26
(18,10) (18,11) 38
(19,10) (19,11) 60
(20,10) (20,11) 42
(1,11) (1,12) 57
(2,11) (2,12) 47
(3,11) (3,12) 35
(4,11) (4,12) 18
(5,11) (5,12) 22
(6,11) (6,12) 38
(7,11) (7,12) 72
(8,11) (8,12) 36
(9,11) (9,12) 28
(10,11) (10,12) 24
(11,11) (11,12) 70
(12,11) (12,12) 14
(13,11) (13,12) 72
(14,11) (14,12) 48
(15,11) (15,12) 74
(16,11) (16,12) 73
(17,11) (17,12) 9
(18,11) (18,12) 38
(19,11) (19,12) 34
(20,11) (20,12) 9
(1,12) (1,13) 26
(2,12) (2,13) 20
(3,12) (3,13) 37
(4,12) (4,13) 73
(5,12) (5,13) 69
(6,12) (6,13) 38
(7,12) (7,13) 10
(8,12) (8,13) 55
(9,12) (9,13) 46
(10,12) (10,13) 27
(11,12) (11,13) 10
(12,12) (12,13) 11
(13,12) (13,13) 55
(14,12) (14,13) 16
(15,12) (15,13) 4
(16,12) (16,13) 52
(17,12) (17,13) 62
(18,12) (18,13) 13
(19,12) (19,13) 32
(20,12) (20,13) 5
(1,13) (1,14) 34
(2,13) (2,14) 27
(3,13) (3,14) 44
(4,13) (4,14) 60
(5,13) (5,14) 59
(6,13) (6,14) 12
(7,13) (7,14) 72
(8,13) (8,14) 38
(9,13) (9,14) 12
(10,13) (10,14) 53
(11,13) (11,14) 20
(12,13) (12,14) 57
(13,13) (13,14) 14
(14,13) (14,14) 41
(15,13) (15,14) 19
(16,13) (16,14) 55
(17,13) (17,14) 28
(18,13) (18,14) 15
(19,13) (19,14) 41
(20,13) (20,14) 36
(1,14) (1,15) 48
(2,14) (2,15) 32
(3,14) (3,15) 21
(4,14) (4,15) 24
(5,14) (5,15) 32
(6,14) (6,15) 43
(7,14) (7,15) 26
(8,14) (8,15) 17
(9,14) (9,15) 45
(10,14) (10,15) 33
(11,14) (11,15) 53
(12,14) (12,15) 70
(13,14) (13,15) 16
(14,14) (14,15) 42
(15,14) (15,15) 14
(16,14) (16,15) 35
(17,14) (17,15) 23
(18,14) (18,15) 5
(19,14) (19,15) 6
(20,14) (20,15) 55
(1,1) (2,1) 41
(2,1) (1,1) 48
(2,1) (3,1) 5
(3,1) (2,1) 65
(3,1) (4,1) 4
(4,1) (3,1) 75
(4,1) (5,1) 44
(5,1) (4,1) 59
(5,1) (6,1) 60
(6,1) (5,1) 48
(6,1) (7,1) 33
(7,1) (6,1) 71
(7,1) (8,1) 25
(8,1) (7,1) 50
(8,1) (9,1) 32
(9,1) (8,1) 26
(9,1) (10,1) 31
(10,1) (9,1) 67
(10,1) (11,1) 43
(11,1) (10,1) 17
(11,1) (12,1) 59
(12,1) (11,1) 64
(12,1) (13,1) 66
(13,1) (12,1) 67
(13,1) (14,1) 38
(14,1) (13,1) 34
(14,1) (15,1) 74
(15,1) (14,1) 24
(15,1) (16,1) 62
(16,1) (15,1) 67
(16,1) (17,1) 17
(17,1) (16,1) 21
(17,1) (18,1) 20
(18,1) (17,1) 39
(18,1) (19,1) 67
(19,1) (18,1) 7
(19,1) (20,1) 19
(20,1) (19,1) 74
(1,2) (2,2) 9
(2,2) (1,2) 21
(2,2) (3,2) 59
(3,2) (2,2) 71
(3,2) (4,2) 31
(4,2) (3,2) 25
(4,2) (5,2) 51
(5,2) (4,2) 37
(5,2) (6,2) 46
(6,2) (5,2) 61
(6,2) (7,2) 33
(7,2) (6,2) 31
(7,2) (8,2) 15
(8,2) (7,2) 19
(8,2) (9,2) 45
(9,2) (8,2) 50
(9,2) (10,2) 10
(10,2) (9,2) 53
(10,2) (11,2) 61
(11,2) (10,2) 36
(11,2) (12,2) 71
(12,2) (11,2) 61
(12,2) (13,2) 43
(13,2) (12,2) 9
(13,2) (14,2) 14
(14,2) (13,2) 54
(14,2) (15,2) 75
(15,2) (14,2) 26
(15,2) (16,2) 61
(16,2) (15,2) 47
(16,2) (17,2) 66
(17,2) (16,2) 70
(17,2) (18,2) 65
(18,2) (17,2) 39
(18,2) (19,2) 3
(19,2) (18,2) 30
(19,2) (20,2) 63
(20,2) (19,2) 30
(1,3) (2,3) 32
(2,3) (1,3) 19
(2,3) (3,3) 54
(3,3) (2,3) 63
(3,3) (4,3) 41
(4,3) (3,3) 8
(4,3) (5,3) 32
(5,3) (4,3) 70
(5,3) (6,3) 53
(6,3) (5,3) 74
(6,3) (7,3) 15
(7,3) (6,3) 74
(7,3) (8,3) 60
(8,3) (7,3) 68
(8,3) (9,3) 2
(9,3) (8,3) 34
(9,3) (10,3) 57
(10,3) (9,3) 10
(10,3) (11,3) 16
(11,3) (10,3) 42
(11,3) (12,3) 17
(12,3) (11,3) 39
(12,3) (13,3) 27
(13,3) (12,3) 70
(13,3) (14,3) 51
(14,3) (13,3) 42
(14,3) (15,3) 57
(15,3) (14,3) 59
(15,3) (16,3) 50
(16,3) (15,3) 16
(16,3) (17,3) 29
(17,3) (16,3) 31
(17,3) (18,3) 75
(18,3) (17,3) 43
(18,3) (19,3) 35
(19,3) (18,3) 39
(19,3) (20,3) 39
(20,3) (19,3) 25
(1,4) (2,4) 8
(2,4) (1,4) 11
(2,4) (3,4) 16
(3,4) (2,4) 12
(3,4) (4,4) 39
(4,4) (3,4) 14
(4,4) (5,4) 48
(5,4) (4,4) 26
(5,4) (6,4) 52
(6,4) (5,4) 17
(6,4) (7,4) 41
(7,4) (6,4) 75
(7,4) (8,4) 41
(8,4) (7,4) 10
(8,4) (9,4) 46
(9,4) (8,4) 69
(9,4) (10,4) 41
(10,4) (9,4) 60
(10,4) (11,4) 59
(11,4) (10,4) 5
(11,4) (12,4) 5
(12,4) (11,4) 73
(12,4) (13,4) 41
(13,4) (12,4) 11
(13,4) (14,4) 37
(14,4) (13,4) 70
(14,4) (15,4) 42
(15,4) (14,4) 9
(15,4) (16,4) 15
(16,4) (15,4) 55
(16,4) (17,4) 12
(17,4) (16,4) 8
(17,4) (18,4) 69
(18,4) (17,4) 37
(18,4) (19,4) 17
(19,4) (18,4) 57
(19,4) (20,4) 20
(20,4) (19,4) 65
(1,5) (2,5) 23
(2,5) (1,5) 34
(2,5) (3,5) 58
(3,5) (2,5) 7
(3,5) (4,5) 50
(4,5) (3,5) 18
(4,5) (5,5) 64
(5,5) (4,5) 30
(5,5) (6,5) 70
(6,5) (5,5) 46
(6,5) (7,5) 17
(7,5) (6,5) 30
(7,5) (8,5) 24
(8,5) (7,5) 39
(8,5) (9,5) 16
(9,5) (8,5) 42
(9,5) (10,5) 19
(10,5) (9,5) 2
(10,5) (11,5) 52
(11,5) (10,5) 71
(11,5) (12,5) 21
(12,5) (11,5) 72
(12,5) (13,5) 32
(13,5) (12,5) 42
(13,5) (14,5) 54
(14,5) (13,5) 63
(14,5) (15,5) 60
(15,5) (14,5) 55
(15,5) (16,5) 64
(16,5) (15,5) 48
(16,5) (17,5) 30
(17,5) (16,5) 43
(17,5) (18,5) 9
(18,5) (17,5) 63
(18,5) (19,5) 45
(19,5) (18,5) 43
(19,5) (20,5) 4
(20,5) (19,5) 70
(1,6) (2,6) 74
(2,6) (1,6) 11
(2,6) (3,6) 20
(3,6) (2,6) 41
(3,6) (4,6) 61
(4,6) (3,6) 18
(4,6) (5,6) 11
(5,6) (4,6) 33
(5,6) (6,6) 70
(6,6) (5,6) 38
(6,6) (7,6) 55
(7,6) (6,6) 11
(7,6) (8,6) 12
(8,6) (7,6) 54
(8,6) (9,6) 57
(9,6) (8,6) 63
(9,6) (10,6) 57
(10,6) (9,6) 19
(10,6) (11,6) 30
(11,6) (10,6) 64
(11,6) (12,6) 11
(12,6) (11,6) 55
(12,6) (13,6) 27
(13,6) (12,6) 43
(13,6) (14,6) 65
(14,6) (13,6) 24
(14,6) (15,6) 24
(15,6) (14,6) 2
(15,6) (16,6) 34
(16,6) (15,6) 13
(16,6) (17,6) 34
(17,6) (16,6) 10
(17,6) (18,6) 39
(18,6) (17,6) 51
(18,6) (19,6) 1
(19,6) (18,6) 27
(19,6) (20,6) 43
(20,6) (19,6) 43
(1,7) (2,7) 50
(2,7) (1,7) 56
(2,7) (3,7) 44
(3,7) (2,7) 1
(3,7) (4,7) 58
(4,7) (3,7) 30
(4,7) (5,7) 38
(5,7) (4,7) 62
(5,7) (6,7) 57
(6,7) (5,7) 23
(6,7) (7,7) 48
(7,7) (6,7) 65
(7,7) (8,7) 48
(8,7) (7,7) 65
(8,7) (9,7) 58
(9,7) (8,7) 1
(9,7) (10,7) 75
(10,7) (9,7) 40
(10,7) (11,7) 7
(11,7) (10,7) 21
(11,7) (12,7) 44
(12,7) (11,7) 73
(12,7) (13,7) 26
(13,7) (12,7) 49
(13,7) (14,7) 5
(14,7) (13,7) 2
(14,7) (15,7) 35
(15,7) (14,7) 39
(15,7) (16,7) 67
(16,7) (15,7) 11
(16,7) (17,7) 20
(17,7) (16,7) 31
(17,7) (18,7) 56
(18,7) (17,7) 6
(18,7) (19,7) 18
(19,7) (18,7) 19
(19,7) (20,7) 58
(20,7) (19,7) 31
(1,8) (2,8) 52
(2,8) (1,8) 7
(2,8) (3,8) 67
(3,8) (2,8) 35
(3,8) (4,8) 70
(4,8) (3,8) 34
(4,8) (5,8) 68
(5,8) (4,8) 22
(5,8) (6,8) 12
(6,8) (5,8) 59
(6,8) (7,8) 28
(7,8) (6,8) 56
(7,8) (8,8) 67
(8,8) (7,8) 62
(8,8) (9,8) 66
(9,8) (8,8) 19
(9,8) (10,8) 31
(10,8) (9,8) 61
(10,8) (11,8) 27
(11,8) (10,8) 35
(11,8) (12,8) 16
(12,8) (11,8) 71
(12,8) (13,8) 40
(13,8) (12,8) 26
(13,8) (14,8) 1
(14,8) (13,8) 7
(14,8) (15,8) 49
(15,8) (14,8) 44
(15,8) (16,8) 62
(16,8) (15,8) 28
(16,8) (17,8) 23
(17,8) (16,8) 11
(17,8) (18,8) 3
(18,8) (17,8) 16
(18,8) (19,8) 60
(19,8) (18,8) 18
(19,8) (20,8) 26
(20,8) (19,8) 44
(1,9) (2,9) 15
(2,9) (1,9) 50
(2,9) (3,9) 68
(3,9) (2,9) 46
(3,9) (4,9) 35
(4,9) (3,9) 14
(4,9) (5,9) 44
(5,9) (4,9) 39
(5,9) (6,9) 53
(6,9) (5,9) 69
(6,9) (7,9) 20
(7,9) (6,9) 70
(7,9) (8,9) 68
(8,9) (7,9) 12
(8,9) (9,9) 25
(9,9) (8,9) 38
(9,9) (10,9) 72
(10,9) (9,9) 71
(10,9) (11,9) 13
(11,9) (10,9) 41
(11,9) (12,9) 3
(12,9) (11,9) 25
(12,9) (13,9) 75
(13,9) (12,9) 20
(13,9) (14,9) 72
(14,9) (13,9) 48
(14,9) (15,9) 43
(15,9) (14,9) 44
(15,9) (16,9) 39
(16,9) (15,9) 20
(16,9) (17,9) 65
(17,9) (16,9) 18
(17,9) (18,9) 29
(18,9) (17,9) 10
(18,9) (19,9) 49
(19,9) (18,9) 34
(19,9) (20,9) 69
(20,9) (19,9) 69
(1,10) (2,10) 49
(2,10) (1,10) 67
(2,10) (3,10) 55
(3,10) (2,10) 63
(3,10) (4,10) 25
(4,10) (3,10) 31
(4,10) (5,10) 71
(5,10) (4,10) 18
(5,10) (6,10) 58
(6,10) (5,10) 68
(6,10) (7,10) 67
(7,10) (6,10) 38
(7,10) (8,10) 26
(8,10) (7,10) 63
(8,10) (9,10) 67
(9,10) (8,10) 73
(9,10) (10,10) 73
(10,10) (9,10) 61
(10,10) (11,10) 52
(11,10) (10,10) 21
(11,10) (12,10) 56
(12,10) (11,10) 20
(12,10) (13,10) 47
(13,10) (12,10) 71
(13,10) (14,10) 74
(14,10) (13,10) 54
(14,10) (15,10) 47
(15,10) (14,10) 5
(15,10) (16,10) 66
(16,10) (15,10) 35
(16,10) (17,10) 8
(17,10) (16,10) 73
(17,10) (18,10) 43
(18,10) (17,10) 70
(18,10) (19,10) 75
(19,10) (18,10) 40
(19,10) (20,10) 64
(20,10) (19,10) 50
(1,11) (2,11) 2
(2,11) (1,11) 8
(2,11) (3,11) 22
(3,11) (2,11) 51
(3,11) (4,11) 33
(4,11) (3,11) 10
(4,11) (5,11) 50
(5,11) (4,11) 10
(5,11) (6,11) 10
(6,11) (5,11) 53
(6,11) (7,11) 52
(7,11) (6,11) 72
(7,11) (8,11) 47
(8,11) (7,11) 61
(8,11) (9,11) 35
(9,11) (8,11) 56
(9,11) (10,11) 42
(10,11) (9,11) 8
(10,11) (11,11) 2
(11,11) (10,11) 5
(11,11) (12,11) 69
(12,11) (11,11) 38
(12,11) (13,11) 66
(13,11) (12,11) 60
(13,11) (14,11) 41
(14,11) (13,11) 38
(14,11) (15,11) 4
(15,11) (14,11) 11
(15,11) (16,11) 9
(16,11) (15,11) 74
(16,11) (17,11) 30
(17,11) (16,11) 58
(17,11) (18,11) 67
(18,11) (17,11) 72
(18,11) (19,11) 74
(19,11) (18,11) 14
(19,11) (20,11) 15
(20,11) (19,11) 26
(1,12) (2,12) 34
(2,12) (1,12) 67
(2,12) (3,12) 63
(3,12) (2,12) 60
(3,12) (4,12) 10
(4,12) (3,12) 67
(4,12) (5,12) 12
(5,12) (4,12) 62
(5,12) (6,12) 41
(6,12) (5,12) 2
(6,12) (7,12) 11
(7,12) (6,12) 19
(7,12) (8,12) 23
(8,12) (7,12) 10
(8,12) (9,12) 63
(9,12) (8,12) 42
(9,12) (10,12) 57
(10,12) (9,12) 65
(10,12) (11,12) 52
(11,12) (10,12) 59
(11,12) (12,12) 29
(12,12) (11,12) 8
(12,12) (13,12) 37
(13,12) (12,12) 51
(13,12) (14,12) 33
(14,12) (13,12) 5
(14,12) (15,12) 3
(15,12) (14,12) 15
(15,12) (16,12) 3
(16,12) (15,12) 26
(16,12) (17,12) 74
(17,12) (16,12) 43
(17,12) (18,12) 65
(18,12) (17,12) 45
(18,12) (19,12) 48
(19,12) (18,12) 49
(19,12) (20,12) 52
(20,12) (19,12) 28
(1,13) (2,13) 71
(2,13) (1,13) 54
(2,13) (3,13) 73
(3,13) (2,13) 57
(3,13) (4,13) 6
(4,13) (3,13) 42
(4,13) (5,13) 55
(5,13) (4,13) 47
(5,13) (6,13) 13
(6,13) (5,13) 7
(6,13) (7,13) 69
(7,13) (6,13) 57
(7,13) (8,13) 14
(8,13) (7,13) 21
(8,13) (9,13) 20
(9,13) (8,13) 47
(9,13) (10,13) 31
(10,13) (9,13) 74
(10,13) (11,13) 72
(11,13) (10,13) 19
(11,13) (12,13) 37
(12,13) (11,13) 30
(12,13) (13,13) 66
(13,13) (12,13) 21
(13,13) (14,13) 74
(14,13) (13,13) 46
(14,13) (15,13) 8
(15,13) (14,13) 14
(15,13) (16,13) 32
(16,13) (15,13) 26
(16,13) (17,13) 26
(17,13) (16,13) 39
(17,13) (18,13) 72
(18,13) (17,13) 62
(18,13) (19,13) 5
(19,13) (18,13) 44
(19,13) (20,13) 57
(20,13) (19,13) 27
(1,14) (2,14) 34
(2,14) (1,14) 29
(2,14) (3,14) 30
(3,14) (2,14) 29
(3,14) (4,14) 42
(4,14) (3,14) 55
(4,14) (5,14) 74
(5,14) (4,14) 38
(5,14) (6,14) 60
(6,14) (5,14) 32
(6,14) (7,14) 47
(7,14) (6,14) 67
(7,14) (8,14) 10
(8,14) (7,14) 18
(8,14) (9,14) 47
(9,14) (8,14) 38
(9,14) (10,14) 32
(10,14) (9,14) 50
(10,14) (11,14) 43
(11,14) (10,14) 9
(11,14) (12,14) 2
(12,14) (11,14) 60
(12,14) (13,14) 59
(13,14) (12,14) 2
(13,14) (14,14) 71
(14,14) (13,14) 68
(14,14) (15,14) 63
(15,14) (14,14) 44
(15,14) (16,14) 59
(16,14) (15,14) 7
(16,14) (17,14) 47
(17,14) (16,14) 27
(17,14) (18,14) 69
(18,14) (17,14) 30
(18,14) (19,14) 6
(19,14) (18,14) 52
(19,14) (20,14) 21
(20,14) (19,14) 58
(1,15) (2,15) 24
(2,15) (1,15) 43
(2,15) (3,15) 38
(3,15) (2,15) 64
(3,15) (4,15) 49
(4,15) (3,15) 67
(4,15) (5,15) 21
(5,15) (4,15) 42
(5,15) (6,15) 74
(6,15) (5,15) 38
(6,15) (7,15) 36
(7,15) (6,15) 55
(7,15) (8,15) 48
(8,15) (7,15) 55
(8,15) (9,15) 12
(9,15) (8,15) 63
(9,15) (10,15) 31
(10,15) (9,15) 6
(10,15) (11,15) 29
(11,15) (10,15) 62
(11,15) (12,15) 11
(12,15) (11,15) 1
(12,15) (13,15) 8
(13,15) (12,15) 14
(13,15) (14,15) 59
(14,15) (13,15) 3
(14,15) (15,15) 63
(15,15) (14,15) 59
(15,15) (16,15) 49
(16,15) (15,15) 28
(16,15) (17,15) 8
(17,15) (16,15) 13
(17,15) (18,15) 61
(18,15) (17,15) 36
(18,15) (19,15) 40
(19,15) (18,15) 56
(19,15) (20,15) 54
(20,15) (19,15) 23
(1,15) t 66
(2,15) t 33
(3,15) t 24
(4,15) t 46
(5,15) t 63
(6,15) t 72
(7,15) t 18
(8,15) t 42
(9,15) t 36
(10,15) t 71
(11,15) t 13
(12,15) t 57
(13,15) t 56
(14,15) t 42
(15,15) t 26
(16,15) t 51
(17,15) t 31
(18,15) t 48
(19,15) t 49
(20,15) t 30
