s 1 82
s 2 67
s 3 81
s 4 39
s 5 84
s 6 35
s 7 70
s 8 31
s 9 7
s 10 28
s 11 51
s 12 79
s 13 33
s 14 71
s 15 27
s 16 19
s 17 70
s 18 11
s 19 9
1 2 73
1 3 82
1 5 11
1 6 38
1 7 55
1 8 12
1 9 27
1 10 4
1 11 52
1 12 31
1 13 24
1 14 30
1 15 65
1 16 34
1 17 40
1 18 67
1 19 42
2 1 73
2 3 13
2 4 94
2 5 91
2 6 72
2 7 44
2 8 88
2 9 66
2 10 7
2 11 59
2 12 5
2 13 60
2 14 72
2 15 34
2 16 49
2 17 95
2 18 21
2 19 15
3 1 82
3 2 13
3 4 62
3 5 35
3 6 55
3 7 40
3 8 18
3 9 86
3 10 97
3 11 60
3 12 39
3 13 92
3 14 49
3 15 14
3 16 22
3 17 66
3 18 59
3 19 40
4 2 94
4 3 62
4 5 15
4 6 100
4 7 71
4 8 28
4 9 10
4 10 72
4 11 47
4 12 63
4 13 66
4 14 87
4 15 23
4 16 41
4 17 65
4 18 80
4 19 37
5 1 11
5 2 91
5 3 35
5 4 15
5 6 95
5 7 57
5 8 15
5 9 4
5 10 56
5 11 98
5 12 50
5 13 78
5 14 78
5 15 2
5 16 75
5 17 96
5 18 61
5 19 54
6 1 38
6 2 72
6 3 55
6 4 100
6 5 95
6 7 89
6 8 37
6 9 81
6 10 53
6 11 88
6 12 92
6 13 21
6 14 10
6 15 24
6 16 7
6 17 66
6 18 93
6 19 87
7 1 55
7 2 44
7 3 40
7 4 71
7 5 57
7 6 89
7 8 62
7 9 70
7 10 6
7 11 22
7 12 73
7 13 90
7 14 77
7 15 44
7 16 62
7 17 59
7 18 31
7 19 44
8 1 12
8 2 88
8 3 18
8 4 28
8 5 15
8 6 37
8 7 62
8 9 87
8 10 65
8 11 75
8 12 38
8 13 39
8 14 97
8 15 10
8 16 66
8 17 46
8 18 14
8 19 5
9 1 27
9 2 66
9 3 86
9 4 10
9 5 4
9 6 81
9 7 70
9 8 87
9 10 9
9 11 9
9 12 38
9 13 87
9 14 42
9 15 47
9 16 78
9 17 11
9 18 27
9 19 39
10 1 4
10 2 7
10 3 97
10 4 72
10 5 56
10 6 53
10 7 6
10 8 65
10 9 9
10 11 53
10 12 6
10 13 53
10 14 35
10 15 84
10 16 7
10 17 60
10 18 7
10 19 50
11 1 52
11 2 59
11 3 60
11 4 47
11 5 98
11 6 88
11 7 22
11 8 75
11 9 9
11 10 53
11 12 28
11 13 92
11 14 37
11 15 32
11 16 94
11 17 7
11 18 37
11 19 78
12 1 31
12 2 5
12 3 39
12 4 63
12 5 50
12 6 92
12 7 73
12 8 38
12 9 38
12 10 6
12 11 28
12 13 30
12 14 5
12 15 87
12 16 6
12 17 66
12 18 19
12 19 50
13 1 24
13 2 60
13 3 92
13 4 66
13 5 78
13 6 21
13 7 90
13 8 39
13 9 87
13 10 53
13 11 92
13 12 30
13 14 72
13 15 7
13 16 8
13 17 2
13 18 25
13 19 86
14 1 30
14 2 72
14 3 49
14 4 87
14 5 78
14 6 10
14 7 77
14 8 97
14 9 42
14 10 35
14 11 37
14 12 5
14 13 72
14 15 15
14 16 10
14 17 85
14 18 44
14 19 91
15 1 65
15 2 34
15 3 14
15 4 23
15 5 2
15 6 24
15 7 44
15 8 10
15 9 47
15 10 84
15 11 32
15 12 87
15 13 7
15 14 15
15 16 1
15 17 100
15 18 94
15 19 90
16 1 34
16 2 49
16 3 22
16 4 41
16 5 75
16 6 7
16 7 62
16 8 66
16 9 78
16 10 7
16 11 94
16 12 6
16 13 8
16 14 10
16 15 1
16 17 60
16 18 67
16 19 37
17 1 40
17 2 95
17 3 66
17 4 65
17 5 96
17 6 66
17 7 59
17 8 46
17 9 11
17 10 60
17 11 7
17 12 66
17 13 2
17 14 85
17 15 100
17 16 60
17 18 38
17 19 11
18 1 67
18 2 21
18 3 59
18 4 80
18 5 61
18 6 93
18 7 31
18 8 14
18 9 27
18 10 7
18 11 37
18 12 19
18 13 25
18 14 44
18 15 94
18 16 67
18 17 38
18 19 85
1 t 42
2 t 15
3 t 40
4 t 37
5 t 54
6 t 87
7 t 44
8 t 5
9 t 39
10 t 50
11 t 78
12 t 50
13 t 86
14 t 91
15 t 90
16 t 37
17 t 11
18 t 85
