s 1 90
s 2 14
s 3 30
s 4 81
s 5 45
s 6 51
s 7 35
s 8 84
s 9 54
s 10 10
s 11 29
s 12 8
s 13 32
s 14 98
s 15 71
s 16 18
s 17 93
s 18 60
s 19 31
1 2 45
1 3 43
1 4 23
1 5 9
1 6 90
1 7 76
1 8 79
1 9 52
1 10 20
1 11 17
1 12 55
1 13 72
1 14 81
1 15 58
1 16 31
1 17 67
1 18 42
1 19 53
2 1 45
2 3 10
2 4 21
2 5 2
2 6 80
2 7 23
2 8 100
2 9 11
2 10 45
2 11 18
2 13 45
2 14 5
2 15 83
2 16 85
2 17 87
2 18 40
2 19 42
3 1 43
3 2 10
3 4 89
3 5 6
3 6 56
3 7 29
3 8 35
3 9 45
3 10 67
3 11 94
3 12 25
3 13 18
3 14 15
3 15 38
3 16 27
3 17 76
3 18 99
3 19 48
4 1 23
4 2 21
4 3 89
4 5 16
4 6 72
4 7 11
4 8 10
4 9 15
4 10 61
4 11 64
4 12 37
4 13 93
4 14 97
4 15 17
4 16 11
4 17 45
4 18 20
4 19 51
5 1 9
5 2 2
5 3 6
5 4 16
5 6 96
5 7 2
5 8 9
5 9 90
5 10 74
5 11 66
5 12 55
5 13 54
5 14 37
5 15 50
5 16 58
5 17 1
5 18 89
5 19 6
6 1 90
6 2 80
6 3 56
6 4 72
6 5 96
6 7 74
6 8 73
6 9 50
6 10 47
6 11 46
6 12 2
6 13 39
6 14 72
6 15 14
6 16 99
6 17 100
6 18 94
6 19 50
7 1 76
7 2 23
7 3 29
7 4 11
7 5 2
7 6 74
7 8 3
7 9 45
7 10 72
7 11 30
7 12 36
7 13 73
7 14 68
7 15 83
7 16 43
7 17 73
7 18 34
7 19 89
8 1 79
8 2 100
8 3 35
8 4 10
8 5 9
8 6 73
8 7 3
8 9 48
8 10 96
8 12 96
8 13 95
8 14 12
8 15 96
8 16 73
8 17 61
8 18 68
8 19 13
9 1 52
9 2 11
9 3 45
9 4 15
9 5 90
9 6 50
9 7 45
9 8 48
9 10 13
9 11 45
9 12 74
9 13 51
9 14 18
9 15 33
9 16 99
9 17 2
9 18 7
9 19 11
10 1 20
10 2 45
10 3 67
10 4 61
10 5 74
10 6 47
10 7 72
10 8 96
10 9 13
10 11 33
10 12 98
10 13 5
10 14 85
10 15 4
10 16 90
10 17 19
10 18 26
10 19 22
11 1 17
11 2 18
11 3 94
11 4 64
11 5 66
11 6 46
11 7 30
11 9 45
11 10 33
11 12 77
11 13 79
11 14 50
11 15 35
11 16 32
11 17 80
11 18 58
11 19 36
12 1 55
12 3 25
12 4 37
12 5 55
12 6 2
12 7 36
12 8 96
12 9 74
12 10 98
12 11 77
12 13 24
12 14 15
12 15 24
12 16 72
12 17 97
12 18 85
12 19 26
13 1 72
13 2 45
13 3 18
13 4 93
13 5 54
13 6 39
13 7 73
13 8 95
13 9 51
13 10 5
13 11 79
13 12 24
13 14 56
13 15 85
13 16 98
13 17 87
13 18 14
13 19 7
14 1 81
14 2 5
14 3 15
14 4 97
14 5 37
14 6 72
14 7 68
14 8 12
14 9 18
14 10 85
14 11 50
14 12 15
14 13 56
14 15 19
14 16 6
14 17 97
14 18 59
14 19 36
15 1 58
15 2 83
15 3 38
15 4 17
15 5 50
15 6 14
15 7 83
15 8 96
15 9 33
15 10 4
15 11 35
15 12 24
15 13 85
15 14 19
15 16 27
15 17 81
15 18 62
15 19 10
16 1 31
16 2 85
16 3 27
16 4 11
16 5 58
16 6 99
16 7 43
16 8 73
16 9 99
16 10 90
16 11 32
16 12 72
16 13 98
16 14 6
16 15 27
16 17 16
16 18 58
16 19 10
17 1 67
17 2 87
17 3 76
17 4 45
17 5 1
17 6 100
17 7 73
17 8 61
17 9 2
17 10 19
17 11 80
17 12 97
17 13 87
17 14 97
17 15 81
17 16 16
17 18 75
17 19 55
18 1 42
18 2 40
18 3 99
18 4 20
18 5 89
18 6 94
18 7 34
18 8 68
18 9 7
18 10 26
18 11 58
18 12 85
18 13 14
18 14 59
18 15 62
18 16 58
18 17 75
18 19 39
1 t 53
2 t 42
3 t 48
4 t 51
5 t 6
6 t 50
7 t 89
8 t 13
9 t 11
10 t 22
11 t 36
12 t 26
13 t 7
14 t 36
15 t 10
16 t 10
17 t 55
18 t 39
