s 2 54
s 11 13
s 12 22
s 14 41
s 28 38
s 34 61
s 36 6
s 40 78
s 48 52
s 53 10
s 66 7
s 73 45
s 74 69
s 80 41
s 82 19
s 84 36
s 86 84
s 92 94
s 93 4
s 96 35
1 2 84
1 5 11
1 9 66
1 10 55
1 31 79
1 33 43
1 35 5
1 37 24
1 42 90
1 46 74
1 59 8
1 76 84
1 81 62
1 86 46
1 90 5
1 93 39
1 96 60
1 98 73
2 1 84
2 13 13
2 21 82
2 25 77
2 27 43
2 28 81
2 34 26
2 38 86
2 39 29
2 41 64
2 60 46
2 61 23
2 63 63
2 67 5
2 71 86
2 74 29
2 77 72
2 94 8
2 99 5
3 7 89
3 20 71
3 21 61
3 47 8
3 52 52
3 60 81
3 62 44
3 64 73
3 73 61
3 80 82
3 87 1
3 89 35
3 92 21
3 93 79
3 97 54
4 9 13
4 18 65
4 23 47
4 25 39
4 29 3
4 30 54
4 35 9
4 36 67
4 40 55
4 41 85
4 42 35
4 52 1
4 54 55
4 58 49
4 64 31
4 67 30
4 70 67
4 92 19
4 96 65
4 97 90
4 99 25
5 1 11
5 13 71
5 15 60
5 16 22
5 20 74
5 22 40
5 24 96
5 25 7
5 27 22
5 29 27
5 34 9
5 42 25
5 44 55
5 46 65
5 48 55
5 50 13
5 53 65
5 60 63
5 66 90
5 70 53
5 81 38
5 82 41
5 86 17
5 88 45
5 93 21
5 97 30
6 7 30
6 8 93
6 10 84
6 19 30
6 20 64
6 25 42
6 31 63
6 36 4
6 40 81
6 42 40
6 44 61
6 46 94
6 50 61
6 58 72
6 63 57
6 64 79
6 69 61
6 71 20
6 78 39
6 84 53
6 91 16
6 92 42
6 94 16
6 96 26
6 97 31
7 3 89
7 6 30
7 12 15
7 16 68
7 17 66
7 23 18
7 35 79
7 37 20
7 38 88
7 40 2
7 52 89
7 55 58
7 85 36
7 91 37
7 92 84
7 98 38
8 6 93
8 14 3
8 16 1
8 18 48
8 21 24
8 25 48
8 29 80
8 38 52
8 46 39
8 50 74
8 62 43
8 70 58
8 78 98
8 80 71
8 81 13
8 93 21
9 1 66
9 4 13
9 17 56
9 23 61
9 24 33
9 35 97
9 37 41
9 39 21
9 45 28
9 46 34
9 50 29
9 51 70
9 54 32
9 62 8
9 64 70
9 69 12
9 71 74
9 73 2
9 75 66
9 79 36
9 86 33
9 91 15
9 92 32
9 93 12
10 1 55
10 6 84
10 21 15
10 34 39
10 44 6
10 49 72
10 52 93
10 58 15
10 62 91
10 68 88
10 69 38
10 74 51
10 82 74
10 85 36
10 86 22
10 92 1
10 93 35
10 95 18
10 98 77
11 20 53
11 24 11
11 25 48
11 28 79
11 32 71
11 33 96
11 40 11
11 44 40
11 47 19
11 58 45
11 61 82
11 70 99
11 72 46
11 76 97
11 79 70
11 84 92
11 89 53
11 92 45
11 97 34
11 99 43
12 7 15
12 14 71
12 17 9
12 19 38
12 25 96
12 26 31
12 27 95
12 30 42
12 31 84
12 35 76
12 42 62
12 45 52
12 46 99
12 51 39
12 56 17
12 67 58
12 70 94
12 75 96
12 78 11
12 79 95
12 80 26
12 84 99
12 86 80
12 90 58
12 96 40
13 2 13
13 5 71
13 14 75
13 19 32
13 21 92
13 26 15
13 28 74
13 31 60
13 33 2
13 35 94
13 48 40
13 51 35
13 60 5
13 67 36
13 71 14
13 76 31
13 80 82
13 82 35
13 85 79
14 8 3
14 12 71
14 13 75
14 16 34
14 18 87
14 20 85
14 38 83
14 40 93
14 49 56
14 54 92
14 56 39
14 57 68
14 58 89
14 59 63
14 60 41
14 63 44
14 66 21
14 68 59
14 74 90
14 79 27
14 82 70
14 83 62
14 90 13
14 95 79
14 96 95
14 98 24
15 5 60
15 24 95
15 32 59
15 48 81
15 49 49
15 51 80
15 57 3
15 62 58
15 69 87
15 84 82
15 86 91
15 88 55
15 99 55
16 5 22
16 7 68
16 8 1
16 14 34
16 19 64
16 26 37
16 31 36
16 33 6
16 39 28
16 41 12
16 43 99
16 46 50
16 51 91
16 61 30
16 63 82
16 66 91
16 77 85
16 78 51
16 79 88
16 83 72
16 89 52
16 91 43
16 95 96
17 7 66
17 9 56
17 12 9
17 25 3
17 27 31
17 28 64
17 32 38
17 33 58
17 45 94
17 51 34
17 57 42
17 64 25
17 70 76
17 79 34
17 80 92
17 97 58
17 99 34
18 4 65
18 8 48
18 14 87
18 19 77
18 24 34
18 29 7
18 34 91
18 42 16
18 49 5
18 53 7
18 56 47
18 68 59
18 69 91
18 77 57
18 79 40
18 85 76
18 88 3
18 89 92
18 91 27
18 95 88
19 6 30
19 12 38
19 13 32
19 16 64
19 18 77
19 23 48
19 28 93
19 37 86
19 44 52
19 48 72
19 79 29
19 89 94
19 90 51
19 94 71
19 99 31
20 3 71
20 5 74
20 6 64
20 11 53
20 14 85
20 24 44
20 31 100
20 33 34
20 34 87
20 36 44
20 44 82
20 45 11
20 58 96
20 62 2
20 64 24
20 67 62
20 69 68
20 75 69
20 81 87
20 83 100
20 87 83
20 98 68
20 99 48
21 2 82
21 3 61
21 8 24
21 10 15
21 13 92
21 26 11
21 29 64
21 35 51
21 43 21
21 45 22
21 65 86
21 70 45
21 71 42
21 82 94
21 96 69
21 97 14
21 99 69
22 5 40
22 33 60
22 34 3
22 39 3
22 51 4
22 65 72
22 70 89
22 75 53
22 82 15
22 84 91
22 93 53
23 4 47
23 7 18
23 9 61
23 19 48
23 27 42
23 33 59
23 44 14
23 52 60
23 66 29
23 79 21
23 82 5
23 85 5
23 95 53
23 98 64
24 5 96
24 9 33
24 11 11
24 15 95
24 18 34
24 20 44
24 26 61
24 33 50
24 35 55
24 41 49
24 49 82
24 54 93
24 55 54
24 56 5
24 57 33
24 58 4
24 75 42
24 87 65
24 89 47
24 91 20
25 2 77
25 4 39
25 5 7
25 6 42
25 8 48
25 11 48
25 12 96
25 17 3
25 37 48
25 42 68
25 46 30
25 48 5
25 51 50
25 58 98
25 60 83
25 65 89
25 81 38
25 84 94
25 88 59
25 94 76
25 97 3
25 98 94
26 12 31
26 13 15
26 16 37
26 21 11
26 24 61
26 34 2
26 42 40
26 52 20
26 56 78
26 75 54
26 76 78
26 81 48
26 83 36
26 85 77
26 97 35
26 99 12
27 2 43
27 5 22
27 12 95
27 17 31
27 23 42
27 30 45
27 31 82
27 36 95
27 40 86
27 47 48
27 48 18
27 49 49
27 56 53
27 58 27
27 59 61
27 71 6
27 76 93
27 84 76
27 85 82
27 89 7
27 93 73
27 97 3
27 99 3
28 2 81
28 11 79
28 13 74
28 17 64
28 19 93
28 37 85
28 41 38
28 46 51
28 47 91
28 59 56
28 64 56
28 69 45
28 95 68
28 99 77
29 4 3
29 5 27
29 8 80
29 18 7
29 21 64
29 47 8
29 48 36
29 52 46
29 56 57
29 62 4
29 63 51
29 64 13
29 68 13
29 71 39
29 75 34
29 82 42
29 87 40
30 4 54
30 12 42
30 27 45
30 33 33
30 40 87
30 49 73
30 50 58
30 51 33
30 63 39
30 65 94
30 80 70
31 1 79
31 6 63
31 12 84
31 13 60
31 16 36
31 20 100
31 27 82
31 32 50
31 40 65
31 41 27
31 43 23
31 45 50
31 46 53
31 51 74
31 57 35
31 63 73
31 66 71
31 73 1
31 87 78
31 93 36
31 99 50
32 11 71
32 15 59
32 17 38
32 31 50
32 34 49
32 39 66
32 43 98
32 47 91
32 48 81
32 57 29
32 60 90
32 65 90
32 67 90
32 72 34
32 78 12
32 81 95
32 83 7
32 89 75
32 92 16
32 94 11
33 1 43
33 11 96
33 13 2
33 16 6
33 17 58
33 20 34
33 22 60
33 23 59
33 24 50
33 30 33
33 48 98
33 53 56
33 55 78
33 56 71
33 57 17
33 61 53
33 63 83
33 65 77
33 67 33
33 73 73
33 74 41
34 2 26
34 5 9
34 10 39
34 18 91
34 20 87
34 22 3
34 26 2
34 32 49
34 36 34
34 42 63
34 48 4
34 54 63
34 55 14
34 59 93
34 61 19
34 63 90
34 64 87
34 65 92
34 66 12
34 78 4
34 86 18
34 88 3
35 1 5
35 4 9
35 7 79
35 9 97
35 12 76
35 13 94
35 21 51
35 24 55
35 39 82
35 56 25
35 59 91
35 61 40
35 65 68
35 69 59
35 84 86
35 91 29
35 93 90
35 99 66
36 4 67
36 6 4
36 20 44
36 27 95
36 34 34
36 47 38
36 50 3
36 54 85
36 55 39
36 56 96
36 60 81
36 70 44
36 81 49
36 84 70
36 85 89
36 89 56
36 95 26
36 98 58
37 1 24
37 7 20
37 9 41
37 19 86
37 25 48
37 28 85
37 39 15
37 43 77
37 49 89
37 57 78
37 63 40
37 65 63
37 67 75
37 68 89
37 74 57
37 80 65
37 81 66
37 95 95
38 2 86
38 7 88
38 8 52
38 14 83
38 48 82
38 53 17
38 57 77
38 60 26
38 73 74
38 83 9
38 92 83
38 94 83
39 2 29
39 9 21
39 16 28
39 22 3
39 32 66
39 35 82
39 37 15
39 40 30
39 48 84
39 52 86
39 56 48
39 57 48
39 70 59
39 72 28
39 88 93
39 90 57
39 91 8
39 96 80
39 98 29
39 99 95
40 4 55
40 6 81
40 7 2
40 11 11
40 14 93
40 27 86
40 30 87
40 31 65
40 39 30
40 49 14
40 54 59
40 59 67
40 60 67
40 73 52
40 90 26
40 93 36
40 94 65
40 96 88
41 2 64
41 4 85
41 16 12
41 24 49
41 28 38
41 31 27
41 45 91
41 47 45
41 52 57
41 56 24
41 65 38
41 69 5
41 81 88
41 94 9
42 1 90
42 4 35
42 5 25
42 6 40
42 12 62
42 18 16
42 25 68
42 26 40
42 34 63
42 43 55
42 45 17
42 55 75
42 60 52
42 61 30
42 63 15
42 67 3
42 68 8
42 79 42
42 81 4
42 83 50
42 85 97
42 90 47
42 95 64
43 16 99
43 21 21
43 31 23
43 32 98
43 37 77
43 42 55
43 44 10
43 45 60
43 51 77
43 52 63
43 56 83
43 60 56
43 63 27
43 69 48
43 73 36
43 77 15
43 81 33
43 82 91
43 86 7
43 88 93
43 90 34
43 93 1
43 97 36
43 98 2
44 5 55
44 6 61
44 10 6
44 11 40
44 19 52
44 20 82
44 23 14
44 43 10
44 49 25
44 71 85
44 73 54
44 76 35
44 82 21
44 83 8
45 9 28
45 12 52
45 17 94
45 20 11
45 21 22
45 31 50
45 41 91
45 42 17
45 43 60
45 47 30
45 57 53
45 61 47
45 69 73
45 71 4
45 74 35
45 76 10
45 77 61
45 79 24
45 82 61
45 88 51
45 93 14
46 1 74
46 5 65
46 6 94
46 8 39
46 9 34
46 12 99
46 16 50
46 25 30
46 28 51
46 31 53
46 56 98
46 57 14
46 60 24
46 66 64
46 68 28
46 72 13
46 83 22
46 94 9
47 3 8
47 11 19
47 27 48
47 28 91
47 29 8
47 32 91
47 36 38
47 41 45
47 45 30
47 48 4
47 50 54
47 60 58
47 64 15
47 65 83
47 67 13
47 71 93
47 74 21
47 78 91
47 80 76
47 83 36
47 88 46
47 90 9
47 93 63
47 98 96
48 5 55
48 13 40
48 15 81
48 19 72
48 25 5
48 27 18
48 29 36
48 32 81
48 33 98
48 34 4
48 38 82
48 39 84
48 47 4
48 54 82
48 55 13
48 74 97
48 83 47
48 88 61
48 92 22
48 94 94
49 10 72
49 14 56
49 15 49
49 18 5
49 24 82
49 27 49
49 30 73
49 37 89
49 40 14
49 44 25
49 50 82
49 61 61
49 85 2
49 88 28
49 92 18
49 98 72
50 5 13
50 6 61
50 8 74
50 9 29
50 30 58
50 36 3
50 47 54
50 49 82
50 52 88
50 58 64
50 61 90
50 68 69
50 75 22
50 92 14
51 9 70
51 12 39
51 13 35
51 15 80
51 16 91
51 17 34
51 22 4
51 25 50
51 30 33
51 31 74
51 43 77
51 55 73
51 61 77
51 63 37
51 75 8
51 80 65
51 82 94
51 84 14
51 87 74
51 99 92
52 3 52
52 4 1
52 7 89
52 10 93
52 23 60
52 26 20
52 29 46
52 39 86
52 41 57
52 43 63
52 50 88
52 55 82
52 71 41
52 72 15
52 83 18
52 84 80
52 94 7
52 96 86
52 99 62
53 5 65
53 18 7
53 33 56
53 38 17
53 55 50
53 64 46
53 65 78
53 66 96
53 68 23
53 72 41
53 76 43
53 89 60
54 4 55
54 9 32
54 14 92
54 24 93
54 34 63
54 36 85
54 40 59
54 48 82
54 59 90
54 68 83
54 70 22
54 74 67
54 78 71
54 85 32
54 93 17
54 95 85
55 7 58
55 24 54
55 33 78
55 34 14
55 36 39
55 42 75
55 48 13
55 51 73
55 52 82
55 53 50
55 60 19
55 61 20
55 71 89
55 78 6
55 87 32
55 90 39
55 92 92
55 94 19
55 95 48
55 97 67
56 12 17
56 14 39
56 18 47
56 24 5
56 26 78
56 27 53
56 29 57
56 33 71
56 35 25
56 36 96
56 39 48
56 41 24
56 43 83
56 46 98
56 68 11
56 71 12
56 88 78
56 90 12
56 93 27
56 95 52
56 96 71
56 99 8
57 14 68
57 15 3
57 17 42
57 24 33
57 31 35
57 32 29
57 33 17
57 37 78
57 38 77
57 39 48
57 45 53
57 46 14
57 58 67
57 62 88
57 65 3
57 72 33
57 76 65
57 80 74
57 83 75
57 91 39
57 93 91
57 99 83
58 4 49
58 6 72
58 10 15
58 11 45
58 14 89
58 20 96
58 24 4
58 25 98
58 27 27
58 50 64
58 57 67
58 75 13
58 78 40
58 81 70
58 86 9
58 90 14
58 91 100
58 92 96
58 93 26
59 1 8
59 14 63
59 27 61
59 28 56
59 34 93
59 35 91
59 40 67
59 54 90
59 78 68
59 79 33
59 86 67
59 89 60
59 90 12
59 91 29
59 95 3
60 2 46
60 3 81
60 5 63
60 13 5
60 14 41
60 25 83
60 32 90
60 36 81
60 38 26
60 40 67
60 42 52
60 43 56
60 46 24
60 47 58
60 55 19
60 61 91
60 71 23
60 83 11
60 85 50
60 88 94
60 91 20
60 95 3
60 98 6
61 2 23
61 11 82
61 16 30
61 33 53
61 34 19
61 35 40
61 42 30
61 45 47
61 49 61
61 50 90
61 51 77
61 55 20
61 60 91
61 62 80
61 71 53
61 72 81
61 81 100
61 89 27
61 90 73
61 92 23
61 96 82
62 3 44
62 8 43
62 9 8
62 10 91
62 15 58
62 20 2
62 29 4
62 57 88
62 61 80
62 65 23
62 77 92
62 84 51
62 85 24
62 87 28
62 93 52
62 96 85
63 2 63
63 6 57
63 14 44
63 16 82
63 29 51
63 30 39
63 31 73
63 33 83
63 34 90
63 37 40
63 42 15
63 43 27
63 51 37
63 69 69
63 85 38
63 93 15
63 97 16
64 3 73
64 4 31
64 6 79
64 9 70
64 17 25
64 20 24
64 28 56
64 29 13
64 34 87
64 47 15
64 53 46
64 66 51
64 81 22
64 82 23
64 85 25
65 21 86
65 22 72
65 25 89
65 30 94
65 32 90
65 33 77
65 34 92
65 35 68
65 37 63
65 41 38
65 47 83
65 53 78
65 57 3
65 62 23
65 73 88
65 75 58
65 79 8
65 81 29
65 85 64
65 87 68
65 92 39
65 99 56
66 5 90
66 14 21
66 16 91
66 23 29
66 31 71
66 34 12
66 46 64
66 53 96
66 64 51
66 67 84
66 70 63
66 73 79
66 81 9
66 83 5
66 86 15
66 88 24
66 89 69
66 90 36
66 91 97
66 95 91
66 97 100
66 98 58
66 99 88
67 2 5
67 4 30
67 12 58
67 13 36
67 20 62
67 32 90
67 33 33
67 37 75
67 42 3
67 47 13
67 66 84
67 73 96
67 79 8
67 86 38
67 99 40
68 10 88
68 14 59
68 18 59
68 29 13
68 37 89
68 42 8
68 46 28
68 50 69
68 53 23
68 54 83
68 56 11
68 70 28
68 73 80
68 74 94
68 84 54
68 85 39
69 6 61
69 9 12
69 10 38
69 15 87
69 18 91
69 20 68
69 28 45
69 35 59
69 41 5
69 43 48
69 45 73
69 63 69
69 72 24
69 73 35
69 91 84
69 94 39
69 95 38
69 99 76
70 4 67
70 5 53
70 8 58
70 11 99
70 12 94
70 17 76
70 21 45
70 22 89
70 36 44
70 39 59
70 54 22
70 66 63
70 68 28
70 77 48
70 79 9
70 85 95
70 92 99
70 96 67
71 2 86
71 6 20
71 9 74
71 13 14
71 21 42
71 27 6
71 29 39
71 44 85
71 45 4
71 47 93
71 52 41
71 55 89
71 56 12
71 60 23
71 61 53
71 77 84
71 78 61
71 83 89
71 90 76
71 95 94
71 96 47
71 99 100
72 11 46
72 32 34
72 39 28
72 46 13
72 52 15
72 53 41
72 57 33
72 61 81
72 69 24
72 77 95
72 78 50
72 79 95
72 80 94
72 81 35
72 84 23
72 87 24
72 97 1
73 3 61
73 9 2
73 31 1
73 33 73
73 38 74
73 40 52
73 43 36
73 44 54
73 65 88
73 66 79
73 67 96
73 68 80
73 69 35
73 84 81
73 88 11
73 91 10
73 95 36
73 98 46
74 2 29
74 10 51
74 14 90
74 33 41
74 37 57
74 45 35
74 47 21
74 48 97
74 54 67
74 68 94
74 78 40
74 83 29
74 88 81
74 93 5
74 95 32
74 97 3
75 9 66
75 12 96
75 20 69
75 22 53
75 24 42
75 26 54
75 29 34
75 50 22
75 51 8
75 58 13
75 65 58
75 77 47
75 80 62
75 83 74
75 86 56
75 90 66
75 98 75
76 1 84
76 11 97
76 13 31
76 26 78
76 27 93
76 44 35
76 45 10
76 53 43
76 57 65
76 79 34
77 2 72
77 16 85
77 18 57
77 43 15
77 45 61
77 62 92
77 70 48
77 71 84
77 72 95
77 75 47
77 82 73
77 84 27
77 88 26
77 89 61
77 90 26
78 6 39
78 8 98
78 12 11
78 16 51
78 32 12
78 34 4
78 47 91
78 54 71
78 55 6
78 58 40
78 59 68
78 71 61
78 72 50
78 74 40
78 79 44
78 85 29
78 89 79
78 91 63
78 97 83
78 98 92
78 99 27
79 9 36
79 11 70
79 12 95
79 14 27
79 16 88
79 17 34
79 18 40
79 19 29
79 23 21
79 42 42
79 45 24
79 59 33
79 65 8
79 67 8
79 70 9
79 72 95
79 76 34
79 78 44
79 87 20
80 3 82
80 8 71
80 12 26
80 13 82
80 17 92
80 30 70
80 37 65
80 47 76
80 51 65
80 57 74
80 72 94
80 75 62
80 88 87
81 1 62
81 5 38
81 8 13
81 20 87
81 25 38
81 26 48
81 32 95
81 36 49
81 37 66
81 41 88
81 42 4
81 43 33
81 58 70
81 61 100
81 64 22
81 65 29
81 66 9
81 72 35
81 84 71
81 88 8
81 90 87
81 99 13
82 5 41
82 10 74
82 13 35
82 14 70
82 21 94
82 22 15
82 23 5
82 29 42
82 43 91
82 44 21
82 45 61
82 51 94
82 64 23
82 77 73
82 83 28
82 87 42
82 91 74
82 92 17
82 96 100
83 14 62
83 16 72
83 20 100
83 26 36
83 32 7
83 38 9
83 42 50
83 44 8
83 46 22
83 47 36
83 48 47
83 52 18
83 57 75
83 60 11
83 66 5
83 71 89
83 74 29
83 75 74
83 82 28
83 85 15
83 90 4
83 92 76
84 6 53
84 11 92
84 12 99
84 15 82
84 22 91
84 25 94
84 27 76
84 35 86
84 36 70
84 51 14
84 52 80
84 62 51
84 68 54
84 72 23
84 73 81
84 77 27
84 81 71
84 85 25
85 7 36
85 10 36
85 13 79
85 18 76
85 23 5
85 26 77
85 27 82
85 36 89
85 42 97
85 49 2
85 54 32
85 60 50
85 62 24
85 63 38
85 64 25
85 65 64
85 68 39
85 70 95
85 78 29
85 83 15
85 84 25
85 88 72
85 94 11
86 1 46
86 5 17
86 9 33
86 10 22
86 12 80
86 15 91
86 34 18
86 43 7
86 58 9
86 59 67
86 66 15
86 67 38
86 75 56
86 91 4
86 94 45
87 3 1
87 20 83
87 24 65
87 29 40
87 31 78
87 51 74
87 55 32
87 62 28
87 65 68
87 72 24
87 79 20
87 82 42
88 5 45
88 15 55
88 18 3
88 25 59
88 34 3
88 39 93
88 43 93
88 45 51
88 47 46
88 48 61
88 49 28
88 56 78
88 60 94
88 66 24
88 73 11
88 74 81
88 77 26
88 80 87
88 81 8
88 85 72
88 92 33
88 94 16
88 96 1
89 3 35
89 11 53
89 16 52
89 18 92
89 19 94
89 24 47
89 27 7
89 32 75
89 36 56
89 53 60
89 59 60
89 61 27
89 66 69
89 77 61
89 78 79
90 1 5
90 12 58
90 14 13
90 19 51
90 39 57
90 40 26
90 42 47
90 43 34
90 47 9
90 55 39
90 56 12
90 58 14
90 59 12
90 61 73
90 66 36
90 71 76
90 75 66
90 77 26
90 81 87
90 83 4
90 94 26
90 97 100
91 6 16
91 7 37
91 9 15
91 16 43
91 18 27
91 24 20
91 35 29
91 39 8
91 57 39
91 58 100
91 59 29
91 60 20
91 66 97
91 69 84
91 73 10
91 78 63
91 82 74
91 86 4
91 96 40
91 98 21
92 3 21
92 4 19
92 6 42
92 7 84
92 9 32
92 10 1
92 11 45
92 32 16
92 38 83
92 48 22
92 49 18
92 50 14
92 55 92
92 58 96
92 61 23
92 65 39
92 70 99
92 82 17
92 83 76
92 88 33
92 93 24
92 96 64
92 97 43
93 1 39
93 3 79
93 5 21
93 8 21
93 9 12
93 10 35
93 22 53
93 27 73
93 31 36
93 35 90
93 40 36
93 43 1
93 45 14
93 47 63
93 54 17
93 56 27
93 57 91
93 58 26
93 62 52
93 63 15
93 74 5
93 92 24
94 2 8
94 6 16
94 19 71
94 25 76
94 32 11
94 38 83
94 40 65
94 41 9
94 46 9
94 48 94
94 52 7
94 55 19
94 69 39
94 85 11
94 86 45
94 88 16
94 90 26
94 96 21
95 10 18
95 14 79
95 16 96
95 18 88
95 23 53
95 28 68
95 36 26
95 37 95
95 42 64
95 54 85
95 55 48
95 56 52
95 59 3
95 60 3
95 66 91
95 69 38
95 71 94
95 73 36
95 74 32
95 96 55
96 1 60
96 4 65
96 6 26
96 12 40
96 14 95
96 21 69
96 39 80
96 40 88
96 52 86
96 56 71
96 61 82
96 62 85
96 70 67
96 71 47
96 82 100
96 88 1
96 91 40
96 92 64
96 94 21
96 95 55
97 3 54
97 4 90
97 5 30
97 6 31
97 11 34
97 17 58
97 21 14
97 25 3
97 26 35
97 27 3
97 43 36
97 55 67
97 63 16
97 66 100
97 72 1
97 74 3
97 78 83
97 90 100
97 92 43
97 98 92
98 1 73
98 7 38
98 10 77
98 14 24
98 20 68
98 23 64
98 25 94
98 36 58
98 39 29
98 43 2
98 47 96
98 49 72
98 60 6
98 66 58
98 73 46
98 75 75
98 78 92
98 91 21
98 97 92
98 99 75
2 t 5
4 t 25
11 t 43
15 t 55
17 t 34
19 t 31
20 t 48
21 t 69
26 t 12
27 t 3
28 t 77
31 t 50
35 t 66
39 t 95
51 t 92
52 t 62
56 t 8
57 t 83
65 t 56
66 t 88
67 t 40
69 t 76
71 t 100
78 t 27
81 t 13
98 t 75
