s 3 65
s 9 62
s 17 46
s 19 40
s 20 21
s 24 5
s 26 83
s 27 47
s 31 43
s 34 69
s 37 81
s 41 99
s 49 17
s 62 63
s 71 75
s 76 20
s 93 23
s 104 5
s 105 79
s 107 3
s 116 86
s 118 34
s 120 93
s 127 17
s 132 41
s 134 11
s 136 9
s 143 37
1 4 45
1 10 57
1 29 43
1 30 41
1 44 78
1 57 95
1 58 53
1 72 45
1 73 83
1 76 27
1 77 26
1 91 80
1 97 72
1 100 37
1 101 61
1 112 99
1 117 68
1 121 18
1 122 42
1 138 30
1 140 63
1 143 43
1 144 96
1 146 1
2 5 32
2 7 8
2 22 65
2 23 42
2 35 77
2 49 37
2 50 21
2 53 93
2 54 56
2 64 46
2 65 71
2 67 7
2 69 26
2 70 39
2 71 17
2 76 68
2 77 16
2 78 8
2 80 59
2 92 39
2 93 29
2 94 65
2 98 34
2 103 23
2 104 9
2 110 71
2 125 57
2 127 16
2 140 20
2 143 8
2 149 18
3 17 26
3 40 93
3 42 75
3 44 33
3 45 60
3 51 21
3 52 5
3 53 86
3 54 56
3 62 42
3 70 99
3 73 44
3 104 27
3 107 37
3 108 86
3 110 68
3 113 22
3 117 48
3 121 12
3 122 90
3 137 47
3 141 97
3 144 54
4 1 45
4 15 96
4 20 39
4 22 99
4 24 71
4 25 34
4 27 82
4 28 87
4 29 1
4 34 31
4 41 41
4 45 89
4 46 16
4 54 41
4 55 89
4 56 93
4 58 84
4 70 71
4 71 40
4 72 13
4 79 34
4 81 46
4 86 49
4 99 75
4 101 52
4 110 19
4 141 13
4 144 84
5 2 32
5 7 70
5 8 17
5 15 85
5 21 56
5 23 21
5 33 82
5 34 75
5 36 40
5 37 75
5 42 9
5 47 8
5 54 14
5 62 64
5 72 48
5 76 82
5 83 30
5 90 49
5 92 3
5 94 98
5 98 76
5 101 89
5 109 9
5 114 97
5 115 6
5 118 64
5 122 58
5 124 80
5 125 14
5 128 86
5 131 71
5 136 1
5 141 23
5 148 38
6 8 36
6 9 34
6 11 22
6 12 23
6 16 57
6 37 6
6 52 67
6 59 51
6 60 15
6 65 89
6 72 66
6 73 43
6 79 30
6 84 6
6 103 11
6 104 82
6 107 29
6 112 60
6 115 71
6 119 5
6 123 50
6 127 38
6 134 25
6 136 76
6 137 53
6 138 22
6 144 72
6 149 87
7 2 8
7 5 70
7 11 22
7 12 8
7 21 81
7 28 42
7 29 21
7 30 65
7 31 38
7 35 31
7 37 36
7 38 20
7 41 18
7 58 68
7 59 82
7 60 28
7 61 57
7 80 90
7 81 15
7 86 87
7 87 6
7 90 48
7 100 56
7 101 71
7 103 50
7 111 42
7 114 5
7 129 17
7 131 29
7 135 54
7 140 62
7 142 100
7 147 91
8 5 17
8 6 36
8 12 28
8 14 50
8 16 72
8 19 39
8 31 23
8 35 62
8 39 87
8 42 7
8 54 43
8 61 46
8 62 33
8 70 97
8 73 13
8 80 10
8 84 35
8 88 13
8 94 25
8 96 50
8 99 26
8 106 53
8 113 95
8 118 46
8 125 62
8 130 10
8 143 91
9 6 34
9 11 64
9 29 41
9 31 1
9 32 33
9 34 84
9 35 44
9 36 79
9 42 13
9 47 39
9 49 21
9 52 65
9 60 51
9 62 42
9 70 65
9 75 61
9 78 77
9 86 86
9 90 76
9 93 51
9 95 65
9 97 21
9 101 8
9 103 33
9 105 48
9 106 93
9 120 83
9 122 31
9 125 47
9 133 73
9 135 48
9 138 68
9 145 60
9 148 92
10 1 57
10 22 23
10 27 29
10 32 68
10 39 51
10 43 6
10 66 26
10 70 48
10 73 87
10 74 81
10 79 22
10 82 79
10 99 5
10 102 13
10 120 73
10 121 71
10 125 85
10 128 62
10 130 2
10 131 15
10 133 20
10 143 4
10 144 18
10 145 34
11 6 22
11 7 22
11 9 64
11 12 93
11 16 27
11 18 9
11 21 2
11 24 47
11 32 53
11 36 13
11 40 8
11 58 28
11 66 39
11 70 29
11 79 84
11 84 33
11 89 51
11 93 37
11 100 3
11 102 32
11 105 67
11 119 46
11 125 28
11 133 26
11 135 52
11 149 25
12 6 23
12 7 8
12 8 28
12 11 93
12 14 83
12 19 60
12 20 36
12 23 75
12 34 50
12 38 49
12 39 74
12 44 65
12 45 99
12 65 72
12 69 12
12 79 17
12 80 22
12 82 49
12 92 41
12 95 81
12 114 79
12 115 43
12 118 14
12 119 4
12 121 18
12 132 3
12 138 16
12 139 47
12 141 9
12 144 22
13 14 23
13 16 34
13 17 68
13 29 59
13 32 75
13 41 98
13 44 74
13 46 58
13 49 98
13 56 8
13 58 64
13 61 76
13 72 10
13 82 13
13 88 98
13 101 21
13 103 14
13 108 50
13 115 78
13 123 50
13 130 36
13 133 89
13 138 38
13 148 88
13 149 49
14 8 50
14 12 83
14 13 23
14 18 81
14 20 9
14 23 4
14 31 34
14 34 30
14 39 37
14 43 70
14 48 7
14 58 2
14 61 70
14 65 32
14 68 6
14 70 38
14 74 57
14 77 43
14 80 81
14 81 67
14 82 93
14 86 29
14 89 83
14 95 10
14 97 11
14 98 97
14 102 60
14 103 43
14 107 11
14 110 99
14 113 7
14 117 82
14 119 15
14 126 47
14 128 34
14 130 68
14 131 97
14 134 96
14 137 76
14 147 13
15 4 96
15 5 85
15 26 96
15 29 42
15 42 71
15 46 94
15 48 49
15 50 63
15 52 95
15 54 53
15 62 52
15 70 9
15 78 81
15 79 22
15 86 41
15 99 18
15 104 14
15 113 6
15 116 67
15 121 89
15 125 19
15 127 82
15 137 54
15 141 37
15 148 59
16 6 57
16 8 72
16 11 27
16 13 34
16 32 61
16 35 16
16 40 46
16 42 84
16 46 9
16 48 85
16 54 11
16 56 33
16 78 20
16 81 10
16 87 48
16 95 90
16 96 17
16 117 93
16 122 44
16 127 35
16 130 62
16 135 16
16 138 82
17 3 26
17 13 68
17 22 35
17 25 28
17 31 9
17 37 58
17 39 63
17 47 33
17 51 14
17 52 37
17 55 76
17 56 83
17 57 24
17 60 19
17 62 27
17 68 95
17 70 69
17 71 56
17 78 94
17 82 74
17 91 97
17 93 66
17 95 90
17 105 3
17 115 83
17 117 70
17 118 7
17 124 95
17 126 97
17 127 36
17 129 67
17 131 89
17 132 100
17 133 68
17 134 63
17 142 100
18 11 9
18 14 81
18 20 42
18 26 52
18 31 16
18 40 21
18 55 50
18 61 44
18 66 9
18 80 39
18 83 6
18 85 54
18 89 35
18 98 98
18 104 100
18 118 88
18 119 30
18 135 3
18 136 31
18 145 5
18 146 11
18 148 70
19 8 39
19 12 60
19 28 98
19 32 100
19 34 85
19 36 50
19 44 21
19 46 59
19 51 14
19 52 28
19 55 59
19 56 14
19 67 88
19 69 46
19 79 82
19 80 74
19 88 67
19 90 18
19 91 45
19 97 62
19 98 31
19 109 93
19 112 6
19 117 71
19 118 44
19 127 3
19 128 45
19 130 42
19 149 27
20 4 39
20 12 36
20 14 9
20 18 42
20 21 88
20 22 55
20 28 54
20 39 74
20 41 73
20 45 52
20 47 16
20 60 47
20 61 20
20 63 83
20 65 83
20 71 59
20 72 81
20 74 11
20 87 84
20 93 32
20 94 20
20 96 97
20 102 78
20 103 54
20 130 21
20 133 50
20 134 35
20 142 41
21 5 56
21 7 81
21 11 2
21 20 88
21 30 73
21 31 88
21 37 95
21 44 24
21 45 95
21 46 1
21 49 31
21 50 66
21 64 3
21 66 38
21 67 32
21 70 60
21 72 100
21 73 45
21 74 61
21 75 26
21 80 23
21 87 57
21 98 57
21 110 93
21 111 74
21 112 77
21 115 45
21 116 21
21 119 81
21 127 88
21 132 92
21 135 41
22 2 65
22 4 99
22 10 23
22 17 35
22 20 55
22 24 23
22 33 4
22 41 82
22 49 63
22 69 79
22 74 31
22 82 95
22 84 11
22 88 41
22 89 51
22 99 18
22 103 49
22 104 52
22 110 84
22 114 36
22 117 29
22 124 51
22 126 55
22 143 80
22 149 53
23 2 42
23 5 21
23 12 75
23 14 4
23 26 96
23 34 15
23 39 82
23 40 86
23 41 21
23 42 82
23 50 14
23 55 61
23 57 45
23 67 17
23 69 37
23 71 14
23 72 77
23 89 57
23 91 53
23 93 77
23 98 77
23 103 12
23 104 16
23 113 72
23 117 88
23 119 97
23 121 60
23 125 19
23 141 7
23 145 87
23 147 84
24 4 71
24 11 47
24 22 23
24 32 20
24 40 16
24 41 34
24 46 29
24 47 97
24 49 97
24 56 22
24 58 87
24 61 41
24 62 34
24 66 78
24 73 89
24 77 42
24 81 54
24 82 88
24 90 36
24 91 85
24 95 17
24 99 91
24 101 43
24 104 35
24 111 39
24 115 28
24 118 8
24 119 54
24 123 70
24 130 58
24 135 74
24 136 4
24 137 79
24 140 81
24 143 36
25 4 34
25 17 28
25 35 98
25 39 28
25 42 21
25 45 79
25 47 22
25 51 94
25 57 20
25 63 57
25 70 61
25 71 24
25 77 84
25 86 53
25 95 33
25 97 54
25 102 64
25 108 34
25 113 36
25 124 37
25 130 21
25 136 92
25 139 61
25 145 44
26 15 96
26 18 52
26 23 96
26 40 65
26 48 38
26 61 68
26 66 1
26 68 34
26 72 35
26 84 2
26 90 61
26 92 80
26 103 34
26 105 52
26 107 26
26 108 20
26 110 27
26 115 4
26 116 71
26 122 23
27 4 82
27 10 29
27 31 74
27 40 81
27 44 81
27 47 50
27 52 2
27 61 5
27 65 62
27 70 90
27 75 48
27 77 34
27 79 94
27 80 26
27 84 18
27 113 96
27 115 48
27 116 35
27 118 81
27 123 89
27 133 39
27 139 69
28 4 87
28 7 42
28 19 98
28 20 54
28 31 55
28 36 88
28 43 91
28 44 55
28 47 56
28 48 70
28 49 31
28 54 27
28 61 53
28 73 20
28 92 14
28 94 69
28 95 81
28 100 29
28 101 3
28 104 71
28 113 7
28 121 59
28 125 89
28 132 81
28 136 31
28 137 19
28 144 3
28 146 37
28 148 21
29 1 43
29 4 1
29 7 21
29 9 41
29 13 59
29 15 42
29 37 94
29 41 13
29 48 60
29 66 55
29 68 98
29 72 41
29 79 63
29 83 82
29 104 59
29 119 45
29 121 29
29 124 20
29 128 68
29 132 67
29 136 84
29 140 45
30 1 41
30 7 65
30 21 73
30 38 22
30 43 8
30 48 38
30 61 90
30 62 74
30 64 34
30 67 21
30 76 25
30 81 66
30 82 57
30 101 12
30 109 58
30 110 87
30 120 12
30 124 1
30 131 83
30 136 45
30 137 62
30 139 57
30 147 21
30 148 99
31 7 38
31 8 23
31 9 1
31 14 34
31 17 9
31 18 16
31 21 88
31 27 74
31 28 55
31 33 100
31 36 13
31 38 69
31 39 52
31 41 69
31 48 72
31 49 99
31 50 56
31 51 3
31 52 61
31 53 99
31 54 41
31 73 65
31 76 65
31 80 41
31 83 68
31 87 65
31 91 4
31 96 70
31 102 10
31 106 83
31 110 81
31 113 85
31 115 87
31 117 74
31 119 54
31 129 60
32 9 33
32 10 68
32 11 53
32 13 75
32 16 61
32 19 100
32 24 20
32 39 58
32 43 72
32 45 28
32 49 78
32 69 72
32 72 82
32 77 15
32 80 45
32 90 11
32 94 93
32 103 20
32 111 7
32 117 71
32 122 74
32 124 58
32 127 47
32 141 75
32 143 28
32 146 19
32 147 55
33 5 82
33 22 4
33 31 100
33 35 96
33 39 71
33 45 8
33 52 92
33 53 80
33 57 6
33 59 34
33 61 40
33 64 27
33 73 22
33 89 87
33 92 23
33 99 27
33 104 52
33 107 54
33 111 28
33 115 74
33 119 3
33 122 69
33 138 39
33 146 98
34 4 31
34 5 75
34 9 84
34 12 50
34 14 30
34 19 85
34 23 15
34 39 22
34 41 53
34 44 11
34 48 93
34 52 77
34 53 40
34 55 77
34 57 51
34 60 38
34 63 14
34 68 71
34 70 6
34 71 11
34 78 59
34 80 6
34 83 8
34 86 52
34 91 84
34 93 25
34 96 78
34 99 56
34 100 94
34 128 95
34 133 13
34 137 6
34 139 77
34 141 21
34 146 44
34 149 35
35 2 77
35 7 31
35 8 62
35 9 44
35 16 16
35 25 98
35 33 96
35 37 37
35 43 73
35 45 63
35 46 56
35 47 47
35 52 74
35 57 76
35 61 45
35 62 88
35 65 48
35 79 29
35 84 15
35 89 53
35 99 12
35 105 31
35 108 97
35 124 94
35 125 87
35 131 39
35 140 64
36 5 40
36 9 79
36 11 13
36 19 50
36 28 88
36 31 13
36 37 11
36 54 13
36 55 22
36 57 63
36 63 99
36 69 46
36 83 51
36 90 42
36 98 49
36 109 95
36 114 84
36 127 39
36 139 38
36 144 19
37 5 75
37 6 6
37 7 36
37 17 58
37 21 95
37 29 94
37 35 37
37 36 11
37 38 71
37 48 22
37 49 36
37 67 31
37 70 70
37 77 74
37 84 85
37 85 47
37 86 46
37 90 20
37 102 95
37 103 87
37 113 45
37 114 13
37 119 96
37 124 71
37 127 77
37 138 13
37 139 57
37 143 38
37 148 93
38 7 20
38 12 49
38 30 22
38 31 69
38 37 71
38 43 6
38 45 79
38 54 43
38 56 20
38 62 3
38 70 42
38 72 74
38 79 100
38 82 9
38 84 80
38 86 74
38 110 18
38 118 97
38 119 28
38 124 82
38 125 19
38 132 78
38 135 16
38 139 31
38 142 99
38 145 72
38 146 57
39 8 87
39 10 51
39 12 74
39 14 37
39 17 63
39 20 74
39 23 82
39 25 28
39 31 52
39 32 58
39 33 71
39 34 22
39 49 30
39 52 13
39 53 98
39 67 53
39 71 55
39 73 1
39 74 14
39 75 52
39 77 28
39 79 94
39 81 12
39 88 32
39 89 79
39 92 5
39 93 50
39 98 5
39 100 51
39 101 26
39 115 31
39 121 4
39 122 50
39 123 72
39 124 46
39 134 40
39 140 49
39 145 73
40 3 93
40 11 8
40 16 46
40 18 21
40 23 86
40 24 16
40 26 65
40 27 81
40 41 2
40 48 9
40 53 37
40 54 61
40 56 53
40 57 56
40 62 96
40 64 99
40 76 23
40 78 93
40 82 15
40 83 7
40 87 31
40 89 57
40 90 40
40 95 78
40 98 40
40 104 86
40 107 93
40 108 87
40 116 64
40 145 37
41 4 41
41 7 18
41 13 98
41 20 73
41 22 82
41 23 21
41 24 34
41 29 13
41 31 69
41 34 53
41 40 2
41 46 14
41 49 60
41 56 99
41 60 47
41 61 24
41 64 57
41 71 93
41 78 87
41 83 73
41 84 54
41 86 87
41 94 28
41 97 91
41 102 2
41 104 19
41 113 38
41 117 35
41 118 19
41 123 4
41 124 7
41 138 67
41 145 63
42 3 75
42 5 9
42 8 7
42 9 13
42 15 71
42 16 84
42 23 82
42 25 21
42 53 2
42 58 3
42 59 32
42 72 1
42 78 75
42 85 37
42 86 94
42 93 75
42 96 13
42 103 49
42 104 82
42 106 99
42 121 66
42 124 47
42 133 63
42 136 69
42 138 14
42 140 75
42 143 66
42 147 3
42 149 8
43 10 6
43 14 70
43 28 91
43 30 8
43 32 72
43 35 73
43 38 6
43 45 26
43 49 15
43 50 34
43 53 85
43 54 71
43 57 28
43 59 17
43 64 86
43 68 69
43 72 20
43 73 54
43 78 84
43 85 26
43 89 80
43 91 33
43 93 16
43 99 69
43 112 76
43 113 97
43 114 33
43 122 19
43 125 11
43 131 50
43 143 74
44 1 78
44 3 33
44 12 65
44 13 74
44 19 21
44 21 24
44 27 81
44 28 55
44 34 11
44 47 92
44 48 73
44 50 14
44 54 92
44 55 29
44 56 12
44 57 32
44 63 5
44 64 96
44 70 34
44 74 48
44 94 24
44 95 34
44 107 68
44 112 35
44 114 83
44 118 60
44 121 66
44 123 76
44 126 97
44 128 2
44 131 12
44 136 85
44 138 14
44 140 30
44 142 92
44 147 55
45 3 60
45 4 89
45 12 99
45 20 52
45 21 95
45 25 79
45 32 28
45 33 8
45 35 63
45 38 79
45 43 26
45 46 73
45 50 22
45 61 54
45 78 2
45 79 12
45 80 63
45 82 94
45 84 47
45 85 43
45 88 77
45 89 75
45 95 18
45 98 65
45 102 9
45 104 6
45 111 56
45 112 86
45 114 27
45 118 51
45 137 41
45 144 90
45 146 71
46 4 16
46 13 58
46 15 94
46 16 9
46 19 59
46 21 1
46 24 29
46 35 56
46 41 14
46 45 73
46 57 37
46 68 33
46 74 30
46 77 5
46 80 43
46 82 45
46 85 5
46 93 43
46 98 87
46 101 58
46 115 88
46 126 38
46 130 12
46 133 88
46 146 33
47 5 8
47 9 39
47 17 33
47 20 16
47 24 97
47 25 22
47 27 50
47 28 56
47 35 47
47 44 92
47 52 78
47 65 1
47 70 54
47 80 82
47 83 21
47 91 25
47 98 90
47 99 36
47 100 63
47 103 53
47 104 99
47 106 48
47 110 14
47 111 28
47 113 58
47 123 74
47 130 34
47 131 59
47 132 43
47 135 15
47 142 55
47 143 28
48 14 7
48 15 49
48 16 85
48 26 38
48 28 70
48 29 60
48 30 38
48 31 72
48 34 93
48 37 22
48 40 9
48 44 73
48 49 39
48 50 62
48 60 38
48 63 73
48 66 79
48 69 26
48 71 83
48 74 45
48 78 36
48 79 22
48 84 39
48 86 18
48 92 53
48 94 23
48 100 44
48 101 89
48 103 1
48 107 30
48 112 73
48 113 66
48 117 24
48 123 18
48 136 57
48 147 12
48 149 15
49 2 37
49 9 21
49 13 98
49 21 31
49 22 63
49 24 97
49 28 31
49 31 99
49 32 78
49 37 36
49 39 30
49 41 60
49 43 15
49 48 39
49 52 23
49 59 6
49 65 54
49 68 38
49 70 40
49 74 59
49 75 73
49 77 91
49 79 83
49 86 80
49 90 55
49 100 75
49 102 80
49 107 4
49 114 78
49 115 4
49 122 35
49 126 69
49 128 58
49 129 22
50 2 21
50 15 63
50 21 66
50 23 14
50 31 56
50 43 34
50 44 14
50 45 22
50 48 62
50 52 49
50 55 20
50 58 63
50 67 53
50 68 40
50 72 97
50 73 76
50 76 2
50 82 60
50 89 34
50 96 19
50 101 61
50 106 44
50 120 95
50 123 11
50 124 29
50 136 13
50 141 97
51 3 21
51 17 14
51 19 14
51 25 94
51 31 3
51 55 26
51 58 65
51 59 30
51 61 65
51 64 90
51 67 84
51 68 84
51 79 35
51 82 21
51 83 15
51 88 42
51 98 56
51 104 68
51 105 98
51 110 23
51 112 92
51 113 59
51 117 92
51 121 11
51 122 65
51 126 53
51 130 53
51 131 88
51 132 87
51 134 77
51 135 26
51 137 96
51 144 69
51 145 19
51 148 14
52 3 5
52 6 67
52 9 65
52 15 95
52 17 37
52 19 28
52 27 2
52 31 61
52 33 92
52 34 77
52 35 74
52 39 13
52 47 78
52 49 23
52 50 49
52 54 24
52 60 28
52 72 39
52 74 19
52 100 53
52 105 58
52 106 51
52 120 88
52 121 54
52 125 67
52 135 61
52 137 53
52 146 85
53 2 93
53 3 86
53 31 99
53 33 80
53 34 40
53 39 98
53 40 37
53 42 2
53 43 85
53 56 95
53 65 28
53 66 35
53 69 7
53 82 51
53 94 28
53 98 22
53 108 58
53 113 60
53 115 81
53 118 61
53 131 46
53 137 99
53 146 78
54 2 56
54 3 56
54 4 41
54 5 14
54 8 43
54 15 53
54 16 11
54 28 27
54 31 41
54 36 13
54 38 43
54 40 61
54 43 71
54 44 92
54 52 24
54 55 87
54 57 43
54 64 80
54 65 96
54 67 1
54 78 4
54 80 23
54 101 27
54 102 5
54 103 77
54 106 3
54 108 49
54 117 2
54 124 99
54 130 2
54 131 18
54 134 35
54 144 93
54 145 18
55 4 89
55 17 76
55 18 50
55 19 59
55 23 61
55 34 77
55 36 22
55 44 29
55 50 20
55 51 26
55 54 87
55 56 7
55 67 70
55 74 100
55 77 8
55 79 74
55 80 61
55 81 14
55 82 75
55 90 54
55 91 71
55 104 46
55 105 59
55 107 35
55 131 31
55 133 93
55 137 87
55 140 41
55 142 59
55 149 72
56 4 93
56 13 8
56 16 33
56 17 83
56 19 14
56 24 22
56 38 20
56 40 53
56 41 99
56 44 12
56 53 95
56 55 7
56 58 57
56 74 14
56 75 9
56 93 29
56 100 70
56 102 21
56 106 79
56 112 84
56 136 98
56 140 57
56 142 63
57 1 95
57 17 24
57 23 45
57 25 20
57 33 6
57 34 51
57 35 76
57 36 63
57 40 56
57 43 28
57 44 32
57 46 37
57 54 43
57 62 63
57 69 14
57 71 24
57 73 19
57 74 62
57 76 9
57 77 78
57 78 80
57 82 3
57 84 28
57 86 72
57 95 87
57 96 95
57 97 25
57 107 70
57 113 96
57 115 27
57 117 73
57 124 75
57 129 24
57 135 81
57 145 69
58 1 53
58 4 84
58 7 68
58 11 28
58 13 64
58 14 2
58 24 87
58 42 3
58 50 63
58 51 65
58 56 57
58 62 20
58 64 57
58 67 2
58 69 9
58 73 28
58 75 93
58 80 66
58 88 7
58 91 1
58 93 14
58 95 89
58 112 50
58 125 67
58 130 23
58 138 30
58 142 97
58 144 55
58 149 22
59 6 51
59 7 82
59 33 34
59 42 32
59 43 17
59 49 6
59 51 30
59 60 71
59 62 21
59 63 11
59 69 71
59 71 76
59 76 35
59 96 97
59 106 24
59 111 43
59 116 91
59 123 60
59 126 8
59 137 60
60 6 15
60 7 28
60 9 51
60 17 19
60 20 47
60 34 38
60 41 47
60 48 38
60 52 28
60 59 71
60 64 95
60 65 29
60 69 50
60 78 59
60 80 62
60 85 32
60 90 25
60 94 54
60 98 42
60 99 89
60 107 75
60 111 46
60 116 34
60 120 18
60 121 18
60 133 99
60 134 83
60 138 9
60 145 76
60 148 78
61 7 57
61 8 46
61 13 76
61 14 70
61 18 44
61 20 20
61 24 41
61 26 68
61 27 5
61 28 53
61 30 90
61 33 40
61 35 45
61 41 24
61 45 54
61 51 65
61 62 41
61 88 56
61 92 66
61 94 3
61 95 31
61 99 83
61 109 63
61 128 71
61 130 25
61 133 93
61 138 62
61 141 85
61 147 65
62 3 42
62 5 64
62 8 33
62 9 42
62 15 52
62 17 27
62 24 34
62 30 74
62 35 88
62 38 3
62 40 96
62 57 63
62 58 20
62 59 21
62 61 41
62 78 68
62 88 62
62 91 18
62 96 44
62 98 85
62 99 57
62 100 13
62 113 67
62 128 76
62 133 87
62 141 24
62 147 77
62 148 12
63 20 83
63 25 57
63 34 14
63 36 99
63 44 5
63 48 73
63 59 11
63 72 71
63 73 86
63 83 79
63 86 97
63 88 80
63 96 64
63 99 62
63 103 95
63 107 58
63 110 48
63 114 79
63 119 71
63 121 32
63 124 38
63 125 29
63 127 83
63 133 90
63 138 18
63 143 100
63 144 45
63 148 39
64 2 46
64 21 3
64 30 34
64 33 27
64 40 99
64 41 57
64 43 86
64 44 96
64 51 90
64 54 80
64 58 57
64 60 95
64 69 86
64 72 33
64 77 45
64 80 93
64 82 12
64 93 14
64 94 99
64 104 58
64 106 74
64 110 38
64 115 76
64 126 90
64 130 33
64 133 78
64 138 56
64 139 11
64 145 35
65 2 71
65 6 89
65 12 72
65 14 32
65 20 83
65 27 62
65 35 48
65 47 1
65 49 54
65 53 28
65 54 96
65 60 29
65 66 81
65 70 21
65 71 87
65 76 56
65 87 29
65 91 14
65 95 67
65 100 53
65 104 43
65 106 43
65 107 68
65 111 52
65 119 69
65 138 46
65 141 40
65 143 48
65 145 3
66 10 26
66 11 39
66 18 9
66 21 38
66 24 78
66 26 1
66 29 55
66 48 79
66 53 35
66 65 81
66 68 48
66 69 16
66 73 56
66 78 85
66 79 2
66 80 25
66 98 83
66 105 29
66 106 12
66 108 74
66 109 67
66 118 45
66 120 95
66 124 85
66 125 28
66 138 73
66 142 78
66 147 6
67 2 7
67 19 88
67 21 32
67 23 17
67 30 21
67 37 31
67 39 53
67 50 53
67 51 84
67 54 1
67 55 70
67 58 2
67 73 49
67 82 76
67 83 27
67 88 4
67 90 53
67 92 26
67 99 42
67 103 37
67 105 55
67 129 52
67 135 60
67 144 59
67 146 21
67 149 68
68 14 6
68 17 95
68 26 34
68 29 98
68 34 71
68 43 69
68 46 33
68 49 38
68 50 40
68 51 84
68 66 48
68 69 35
68 76 68
68 82 33
68 89 64
68 91 38
68 93 26
68 96 52
68 104 35
68 106 32
68 110 97
68 112 87
68 124 26
68 125 12
68 130 16
68 132 38
68 134 45
68 135 52
68 141 75
68 146 27
68 147 3
69 2 26
69 12 12
69 19 46
69 22 79
69 23 37
69 32 72
69 36 46
69 48 26
69 53 7
69 57 14
69 58 9
69 59 71
69 60 50
69 64 86
69 66 16
69 68 35
69 90 1
69 102 73
69 109 100
69 118 35
69 119 96
69 121 48
69 122 83
69 123 82
69 125 24
69 129 79
69 134 3
69 136 41
70 2 39
70 3 99
70 4 71
70 8 97
70 9 65
70 10 48
70 11 29
70 14 38
70 15 9
70 17 69
70 21 60
70 25 61
70 27 90
70 34 6
70 37 70
70 38 42
70 44 34
70 47 54
70 49 40
70 65 21
70 74 77
70 75 10
70 78 32
70 83 36
70 84 52
70 93 39
70 99 14
70 106 96
70 115 59
70 116 51
70 118 25
70 123 45
70 125 28
70 128 52
70 133 54
70 134 66
70 137 46
70 141 30
70 143 5
70 145 97
70 146 78
71 2 17
71 4 40
71 17 56
71 20 59
71 23 14
71 25 24
71 34 11
71 39 55
71 41 93
71 48 83
71 57 24
71 59 76
71 65 87
71 72 20
71 78 3
71 80 8
71 85 83
71 107 43
71 108 89
71 110 9
71 113 18
71 116 55
71 126 88
71 128 15
71 133 33
71 137 29
71 139 88
71 146 60
71 147 33
71 148 8
72 1 45
72 4 13
72 5 48
72 6 66
72 13 10
72 20 81
72 21 100
72 23 77
72 26 35
72 29 41
72 32 82
72 38 74
72 42 1
72 43 20
72 50 97
72 52 39
72 63 71
72 64 33
72 71 20
72 75 88
72 78 8
72 83 24
72 90 30
72 95 58
72 98 83
72 104 30
72 125 87
72 128 82
72 130 18
72 132 93
72 134 42
72 139 88
73 1 83
73 3 44
73 6 43
73 8 13
73 10 87
73 21 45
73 24 89
73 28 20
73 31 65
73 33 22
73 39 1
73 43 54
73 50 76
73 57 19
73 58 28
73 63 86
73 66 56
73 67 49
73 80 10
73 81 32
73 82 32
73 89 35
73 90 41
73 100 22
73 103 73
73 109 89
73 111 53
73 120 61
73 125 95
73 133 22
73 135 15
73 146 73
73 148 80
74 10 81
74 14 57
74 20 11
74 21 61
74 22 31
74 39 14
74 44 48
74 46 30
74 48 45
74 49 59
74 52 19
74 55 100
74 56 14
74 57 62
74 70 77
74 80 82
74 81 25
74 82 61
74 89 27
74 93 94
74 94 33
74 101 69
74 102 14
74 108 90
74 112 58
74 119 89
74 122 85
74 123 58
74 127 38
74 134 53
74 143 74
74 147 44
75 9 61
75 21 26
75 27 48
75 39 52
75 49 73
75 56 9
75 58 93
75 70 10
75 72 88
75 77 46
75 80 12
75 84 10
75 86 70
75 87 44
75 89 56
75 92 37
75 97 51
75 102 68
75 106 57
75 111 68
75 112 23
75 114 77
75 115 28
75 118 66
75 123 23
75 124 40
75 141 28
75 144 75
75 145 93
76 1 27
76 2 68
76 5 82
76 30 25
76 31 65
76 40 23
76 50 2
76 57 9
76 59 35
76 65 56
76 68 68
76 83 1
76 90 75
76 92 91
76 93 79
76 103 39
76 106 60
76 108 21
76 112 43
76 114 89
76 119 80
76 120 84
76 124 63
76 129 56
76 130 99
76 132 3
76 139 20
76 145 33
76 146 64
76 149 56
77 1 26
77 2 16
77 14 43
77 24 42
77 25 84
77 27 34
77 32 15
77 37 74
77 39 28
77 46 5
77 49 91
77 55 8
77 57 78
77 64 45
77 75 46
77 78 37
77 82 53
77 83 93
77 89 80
77 91 81
77 93 13
77 102 59
77 106 18
77 112 60
77 113 91
77 118 4
77 120 36
77 133 78
77 135 94
77 136 32
77 140 30
78 2 8
78 9 77
78 15 81
78 16 20
78 17 94
78 34 59
78 40 93
78 41 87
78 42 75
78 43 84
78 45 2
78 48 36
78 54 4
78 57 80
78 60 59
78 62 68
78 66 85
78 70 32
78 71 3
78 72 8
78 77 37
78 81 53
78 94 59
78 96 33
78 98 7
78 99 50
78 121 71
78 123 87
78 125 84
78 126 100
78 129 45
78 131 29
78 135 69
78 137 6
78 142 12
78 143 90
78 144 1
78 146 17
78 148 100
79 4 34
79 6 30
79 10 22
79 11 84
79 12 17
79 15 22
79 19 82
79 27 94
79 29 63
79 35 29
79 38 100
79 39 94
79 45 12
79 48 22
79 49 83
79 51 35
79 55 74
79 66 2
79 86 41
79 88 6
79 91 68
79 94 17
79 97 42
79 99 37
79 103 8
79 105 98
79 109 50
79 119 80
79 126 95
79 134 88
79 138 7
79 140 23
79 144 48
79 146 84
80 2 59
80 7 90
80 8 10
80 12 22
80 14 81
80 18 39
80 19 74
80 21 23
80 27 26
80 31 41
80 32 45
80 34 6
80 45 63
80 46 43
80 47 82
80 54 23
80 55 61
80 58 66
80 60 62
80 64 93
80 66 25
80 71 8
80 73 10
80 74 82
80 75 12
80 81 93
80 83 33
80 86 60
80 95 21
80 97 47
80 99 42
80 101 23
80 106 9
80 110 99
80 111 92
80 119 87
80 125 52
80 129 19
80 131 98
80 143 5
80 146 14
81 4 46
81 7 15
81 14 67
81 16 10
81 24 54
81 30 66
81 39 12
81 55 14
81 73 32
81 74 25
81 78 53
81 80 93
81 83 62
81 89 52
81 100 72
81 103 77
81 111 79
81 122 3
81 125 29
81 129 59
81 130 91
81 136 89
81 149 37
82 10 79
82 12 49
82 13 13
82 14 93
82 17 74
82 22 95
82 24 88
82 30 57
82 38 9
82 40 15
82 45 94
82 46 45
82 50 60
82 51 21
82 53 51
82 55 75
82 57 3
82 64 12
82 67 76
82 68 33
82 73 32
82 74 61
82 77 53
82 91 69
82 93 80
82 95 15
82 102 82
82 116 59
82 120 47
82 124 30
82 127 81
82 140 17
82 149 64
83 5 30
83 18 6
83 29 82
83 31 68
83 34 8
83 36 51
83 40 7
83 41 73
83 47 21
83 51 15
83 63 79
83 67 27
83 70 36
83 72 24
83 76 1
83 77 93
83 80 33
83 81 62
83 84 69
83 92 34
83 101 16
83 105 44
83 107 87
83 126 68
83 136 46
83 137 17
83 138 47
83 143 76
83 149 18
84 6 6
84 8 35
84 11 33
84 22 11
84 26 2
84 27 18
84 35 15
84 37 85
84 38 80
84 41 54
84 45 47
84 48 39
84 57 28
84 70 52
84 75 10
84 83 69
84 86 12
84 99 18
84 105 73
84 110 12
84 129 81
84 134 85
85 18 54
85 37 47
85 42 37
85 43 26
85 45 43
85 46 5
85 60 32
85 71 83
85 90 95
85 100 92
85 109 9
85 113 94
85 120 34
85 125 53
85 147 62
86 4 49
86 7 87
86 9 86
86 14 29
86 15 41
86 25 53
86 34 52
86 37 46
86 38 74
86 41 87
86 42 94
86 48 18
86 49 80
86 57 72
86 63 97
86 75 70
86 79 41
86 80 60
86 84 12
86 87 6
86 103 59
86 122 68
86 131 83
86 134 61
86 135 33
86 139 29
86 143 22
87 7 6
87 16 48
87 20 84
87 21 57
87 31 65
87 40 31
87 65 29
87 75 44
87 86 6
87 88 96
87 97 15
87 111 16
87 113 82
87 114 25
87 121 69
87 122 26
87 124 38
87 129 99
87 132 91
87 147 84
88 8 13
88 13 98
88 19 67
88 22 41
88 39 32
88 45 77
88 51 42
88 58 7
88 61 56
88 62 62
88 63 80
88 67 4
88 79 6
88 87 96
88 90 17
88 92 81
88 96 60
88 97 35
88 98 99
88 100 56
88 102 18
88 103 56
88 108 78
88 112 41
88 113 16
88 114 5
88 118 28
88 122 18
88 125 9
88 134 40
88 136 96
88 137 34
88 139 20
89 11 51
89 14 83
89 18 35
89 22 51
89 23 57
89 33 87
89 35 53
89 39 79
89 40 57
89 43 80
89 45 75
89 50 34
89 68 64
89 73 35
89 74 27
89 75 56
89 77 80
89 81 52
89 106 39
89 107 90
89 112 67
89 119 11
89 121 50
89 123 5
89 134 93
89 135 35
89 138 29
89 140 53
89 145 47
90 5 49
90 7 48
90 9 76
90 19 18
90 24 36
90 26 61
90 32 11
90 36 42
90 37 20
90 40 40
90 49 55
90 55 54
90 60 25
90 67 53
90 69 1
90 72 30
90 73 41
90 76 75
90 85 95
90 88 17
90 93 96
90 98 21
90 103 32
90 109 91
90 113 37
90 123 80
90 127 57
90 131 92
90 135 6
90 136 58
90 142 22
91 1 80
91 17 97
91 19 45
91 23 53
91 24 85
91 31 4
91 34 84
91 43 33
91 47 25
91 55 71
91 58 1
91 62 18
91 65 14
91 68 38
91 77 81
91 79 68
91 82 69
91 95 67
91 99 10
91 101 60
91 106 4
91 108 99
91 115 52
91 116 36
91 126 72
91 134 66
91 147 31
92 2 39
92 5 3
92 12 41
92 26 80
92 28 14
92 33 23
92 39 5
92 48 53
92 61 66
92 67 26
92 75 37
92 76 91
92 83 34
92 88 81
92 97 61
92 104 70
92 110 71
92 120 94
92 133 18
92 134 93
92 137 43
92 138 52
92 141 63
92 149 90
93 2 29
93 9 51
93 11 37
93 17 66
93 20 32
93 23 77
93 34 25
93 39 50
93 42 75
93 43 16
93 46 43
93 56 29
93 58 14
93 64 14
93 68 26
93 70 39
93 74 94
93 76 79
93 77 13
93 82 80
93 90 96
93 98 43
93 102 88
93 118 18
93 119 2
93 123 18
93 127 63
93 129 53
93 136 40
93 142 93
93 144 48
93 145 29
94 2 65
94 5 98
94 8 25
94 20 20
94 28 69
94 32 93
94 41 28
94 44 24
94 48 23
94 53 28
94 60 54
94 61 3
94 64 99
94 74 33
94 78 59
94 79 17
94 99 100
94 106 5
94 113 10
94 118 67
94 129 69
94 133 5
94 135 44
94 136 67
95 9 65
95 12 81
95 14 10
95 16 90
95 17 90
95 24 17
95 25 33
95 28 81
95 40 78
95 44 34
95 45 18
95 57 87
95 58 89
95 61 31
95 65 67
95 72 58
95 80 21
95 82 15
95 91 67
95 98 90
95 108 23
95 114 87
95 115 16
95 117 64
95 118 19
95 120 11
95 133 70
95 138 46
95 140 46
96 8 50
96 16 17
96 20 97
96 31 70
96 34 78
96 42 13
96 50 19
96 57 95
96 59 97
96 62 44
96 63 64
96 68 52
96 78 33
96 88 60
96 99 90
96 101 26
96 108 32
96 133 34
96 138 75
96 143 87
97 1 72
97 9 21
97 14 11
97 19 62
97 25 54
97 41 91
97 57 25
97 75 51
97 79 42
97 80 47
97 87 15
97 88 35
97 92 61
97 99 19
97 108 54
97 111 51
97 114 20
97 115 49
97 122 39
97 128 45
97 130 49
97 134 87
97 135 36
97 141 84
98 2 34
98 5 76
98 14 97
98 18 98
98 19 31
98 21 57
98 23 77
98 36 49
98 39 5
98 40 40
98 45 65
98 46 87
98 47 90
98 51 56
98 53 22
98 60 42
98 62 85
98 66 83
98 72 83
98 78 7
98 88 99
98 90 21
98 93 43
98 95 90
98 101 40
98 116 59
98 121 17
98 126 6
98 128 80
98 133 1
98 140 70
98 142 24
98 147 63
98 149 5
99 4 75
99 8 26
99 10 5
99 15 18
99 22 18
99 24 91
99 33 27
99 34 56
99 35 12
99 43 69
99 47 36
99 60 89
99 61 83
99 62 57
99 63 62
99 67 42
99 70 14
99 78 50
99 79 37
99 80 42
99 84 18
99 91 10
99 94 100
99 96 90
99 97 19
99 101 32
99 102 28
99 104 48
99 106 100
99 107 86
99 109 38
99 111 34
99 112 41
99 116 92
99 117 65
99 122 52
99 130 99
99 137 1
99 142 54
99 146 90
100 1 37
100 7 56
100 11 3
100 28 29
100 34 94
100 39 51
100 47 63
100 48 44
100 49 75
100 52 53
100 56 70
100 62 13
100 65 53
100 73 22
100 81 72
100 85 92
100 88 56
100 108 97
100 116 81
100 117 57
100 118 57
100 121 76
100 132 90
100 135 55
100 136 22
100 140 55
100 144 42
100 145 37
101 1 61
101 4 52
101 5 89
101 7 71
101 9 8
101 13 21
101 24 43
101 28 3
101 30 12
101 39 26
101 46 58
101 48 89
101 50 61
101 54 27
101 74 69
101 80 23
101 83 16
101 91 60
101 96 26
101 98 40
101 99 32
101 105 59
101 117 44
101 118 55
101 119 3
101 120 46
101 125 10
101 133 45
101 140 40
101 141 8
102 10 13
102 11 32
102 14 60
102 20 78
102 25 64
102 31 10
102 37 95
102 41 2
102 45 9
102 49 80
102 54 5
102 56 21
102 69 73
102 74 14
102 75 68
102 77 59
102 82 82
102 88 18
102 93 88
102 99 28
102 103 24
102 104 44
102 115 45
102 125 78
102 137 42
102 144 82
102 145 33
102 147 77
103 2 23
103 6 11
103 7 50
103 9 33
103 13 14
103 14 43
103 20 54
103 22 49
103 23 12
103 26 34
103 32 20
103 37 87
103 42 49
103 47 53
103 48 1
103 54 77
103 63 95
103 67 37
103 73 73
103 76 39
103 79 8
103 81 77
103 86 59
103 88 56
103 90 32
103 102 24
103 104 65
103 107 50
103 109 7
103 111 54
103 113 88
103 117 41
103 124 55
103 127 70
103 134 74
103 143 27
104 2 9
104 3 27
104 6 82
104 15 14
104 18 100
104 22 52
104 23 16
104 24 35
104 28 71
104 29 59
104 33 52
104 40 86
104 41 19
104 42 82
104 45 6
104 47 99
104 51 68
104 55 46
104 64 58
104 65 43
104 68 35
104 72 30
104 92 70
104 99 48
104 102 44
104 103 65
104 105 23
104 106 1
104 111 82
104 112 27
104 116 83
104 117 87
104 118 81
104 126 94
105 9 48
105 11 67
105 17 3
105 26 52
105 35 31
105 51 98
105 52 58
105 55 59
105 66 29
105 67 55
105 79 98
105 83 44
105 84 73
105 101 59
105 104 23
105 111 23
105 113 53
105 126 47
105 127 55
105 135 71
105 137 69
105 139 37
105 140 4
105 142 75
105 144 100
106 8 53
106 9 93
106 31 83
106 42 99
106 47 48
106 50 44
106 52 51
106 54 3
106 56 79
106 59 24
106 64 74
106 65 43
106 66 12
106 68 32
106 70 96
106 75 57
106 76 60
106 77 18
106 80 9
106 89 39
106 91 4
106 94 5
106 99 100
106 104 1
106 116 82
106 120 9
106 121 88
106 125 26
106 134 10
106 139 37
106 141 20
107 3 37
107 6 29
107 14 11
107 26 26
107 33 54
107 40 93
107 44 68
107 48 30
107 49 4
107 55 35
107 57 70
107 60 75
107 63 58
107 65 68
107 71 43
107 83 87
107 89 90
107 99 86
107 103 50
107 116 67
107 124 99
107 128 16
107 132 64
107 133 78
107 135 81
107 142 64
107 144 52
107 145 9
107 147 80
107 148 16
108 3 86
108 13 50
108 25 34
108 26 20
108 35 97
108 40 87
108 53 58
108 54 49
108 66 74
108 71 89
108 74 90
108 76 21
108 88 78
108 91 99
108 95 23
108 96 32
108 97 54
108 100 97
108 120 72
108 127 57
108 138 70
108 144 95
108 147 68
109 5 9
109 19 93
109 30 58
109 36 95
109 61 63
109 66 67
109 69 100
109 73 89
109 79 50
109 85 9
109 90 91
109 99 38
109 103 7
109 112 83
109 119 11
109 122 8
109 125 32
109 129 65
109 137 53
109 141 78
109 149 85
110 2 71
110 3 68
110 4 19
110 14 99
110 21 93
110 22 84
110 26 27
110 30 87
110 31 81
110 38 18
110 47 14
110 51 23
110 63 48
110 64 38
110 68 97
110 71 9
110 80 99
110 84 12
110 92 71
110 111 47
110 117 94
110 118 16
110 128 79
110 134 84
111 7 42
111 21 74
111 24 39
111 32 7
111 33 28
111 45 56
111 47 28
111 59 43
111 60 46
111 65 52
111 73 53
111 75 68
111 80 92
111 81 79
111 87 16
111 97 51
111 99 34
111 103 54
111 104 82
111 105 23
111 110 47
111 116 63
111 123 14
111 125 98
111 131 70
111 133 45
111 135 94
111 136 28
111 137 32
111 138 20
111 142 88
111 145 67
111 146 42
111 147 11
112 1 99
112 6 60
112 19 6
112 21 77
112 43 76
112 44 35
112 45 86
112 48 73
112 51 92
112 56 84
112 58 50
112 68 87
112 74 58
112 75 23
112 76 43
112 77 60
112 88 41
112 89 67
112 99 41
112 104 27
112 109 83
112 118 71
112 122 55
112 129 65
112 139 93
112 146 1
112 147 80
113 3 22
113 8 95
113 14 7
113 15 6
113 23 72
113 25 36
113 27 96
113 28 7
113 31 85
113 37 45
113 41 38
113 43 97
113 47 58
113 48 66
113 51 59
113 53 60
113 57 96
113 62 67
113 71 18
113 77 91
113 85 94
113 87 82
113 88 16
113 90 37
113 94 10
113 103 88
113 105 53
113 115 99
113 120 77
113 121 7
113 127 82
113 132 14
113 135 39
113 143 93
113 148 28
114 5 97
114 7 5
114 12 79
114 22 36
114 36 84
114 37 13
114 43 33
114 44 83
114 45 27
114 49 78
114 63 79
114 75 77
114 76 89
114 87 25
114 88 5
114 95 87
114 97 20
114 128 80
114 133 53
114 138 76
114 140 45
115 5 6
115 6 71
115 12 43
115 13 78
115 17 83
115 21 45
115 24 28
115 26 4
115 27 48
115 31 87
115 33 74
115 39 31
115 46 88
115 49 4
115 53 81
115 57 27
115 64 76
115 70 59
115 75 28
115 91 52
115 95 16
115 97 49
115 102 45
115 113 99
115 117 24
115 124 98
115 125 92
115 141 36
115 144 47
116 15 67
116 21 21
116 26 71
116 27 35
116 40 64
116 59 91
116 60 34
116 70 51
116 71 55
116 82 59
116 91 36
116 98 59
116 99 92
116 100 81
116 104 83
116 106 82
116 107 67
116 111 63
116 123 38
116 129 88
116 135 90
116 140 63
116 149 51
117 1 68
117 3 48
117 14 82
117 16 93
117 17 70
117 19 71
117 22 29
117 23 88
117 31 74
117 32 71
117 41 35
117 48 24
117 51 92
117 54 2
117 57 73
117 95 64
117 99 65
117 100 57
117 101 44
117 103 41
117 104 87
117 110 94
117 115 24
117 129 45
117 130 59
117 131 17
117 136 52
117 139 41
117 145 37
118 5 64
118 8 46
118 12 14
118 17 7
118 18 88
118 19 44
118 24 8
118 27 81
118 38 97
118 41 19
118 44 60
118 45 51
118 53 61
118 66 45
118 69 35
118 70 25
118 75 66
118 77 4
118 88 28
118 93 18
118 94 67
118 95 19
118 100 57
118 101 55
118 104 81
118 110 16
118 112 71
118 120 38
118 124 14
118 131 19
118 132 11
118 139 57
119 6 5
119 11 46
119 12 4
119 14 15
119 18 30
119 21 81
119 23 97
119 24 54
119 29 45
119 31 54
119 33 3
119 37 96
119 38 28
119 63 71
119 65 69
119 69 96
119 74 89
119 76 80
119 79 80
119 80 87
119 89 11
119 93 2
119 101 3
119 109 11
119 131 1
119 134 83
119 141 95
119 147 63
120 9 83
120 10 73
120 30 12
120 50 95
120 52 88
120 60 18
120 66 95
120 73 61
120 76 84
120 77 36
120 82 47
120 85 34
120 92 94
120 95 11
120 101 46
120 106 9
120 108 72
120 113 77
120 118 38
120 122 76
120 127 52
121 1 18
121 3 12
121 10 71
121 12 18
121 15 89
121 23 60
121 28 59
121 29 29
121 39 4
121 42 66
121 44 66
121 51 11
121 52 54
121 60 18
121 63 32
121 69 48
121 78 71
121 87 69
121 89 50
121 98 17
121 100 76
121 106 88
121 113 7
121 135 99
121 136 92
121 139 60
121 146 5
121 148 6
122 1 42
122 3 90
122 5 58
122 9 31
122 16 44
122 26 23
122 32 74
122 33 69
122 39 50
122 43 19
122 49 35
122 51 65
122 69 83
122 74 85
122 81 3
122 86 68
122 87 26
122 88 18
122 97 39
122 99 52
122 109 8
122 112 55
122 120 76
122 124 76
122 125 48
122 131 65
122 135 79
122 138 26
122 141 41
122 144 2
123 6 50
123 13 50
123 24 70
123 27 89
123 39 72
123 41 4
123 44 76
123 47 74
123 48 18
123 50 11
123 59 60
123 69 82
123 70 45
123 74 58
123 75 23
123 78 87
123 89 5
123 90 80
123 93 18
123 111 14
123 116 38
123 128 41
123 130 33
123 133 97
123 134 2
123 139 7
123 140 90
123 141 81
124 5 80
124 17 95
124 22 51
124 25 37
124 29 20
124 30 1
124 32 58
124 35 94
124 37 71
124 38 82
124 39 46
124 41 7
124 42 47
124 50 29
124 54 99
124 57 75
124 63 38
124 66 85
124 68 26
124 75 40
124 76 63
124 82 30
124 87 38
124 103 55
124 107 99
124 115 98
124 118 14
124 122 76
124 126 7
124 128 86
124 137 66
124 140 72
124 144 96
124 149 44
125 2 57
125 5 14
125 8 62
125 9 47
125 10 85
125 11 28
125 15 19
125 23 19
125 28 89
125 35 87
125 38 19
125 43 11
125 52 67
125 58 67
125 63 29
125 66 28
125 68 12
125 69 24
125 70 28
125 72 87
125 73 95
125 78 84
125 80 52
125 81 29
125 85 53
125 88 9
125 101 10
125 102 78
125 106 26
125 109 32
125 111 98
125 115 92
125 122 48
125 130 29
125 146 20
125 147 37
125 148 67
126 14 47
126 17 97
126 22 55
126 44 97
126 46 38
126 49 69
126 51 53
126 59 8
126 64 90
126 71 88
126 78 100
126 79 95
126 83 68
126 91 72
126 98 6
126 104 94
126 105 47
126 124 7
126 136 68
126 139 60
126 149 87
127 2 16
127 6 38
127 15 82
127 16 35
127 17 36
127 19 3
127 21 88
127 32 47
127 36 39
127 37 77
127 63 83
127 74 38
127 82 81
127 90 57
127 93 63
127 103 70
127 105 55
127 108 57
127 113 82
127 120 52
127 128 32
127 134 36
127 135 34
127 138 44
127 142 14
127 146 54
127 147 58
127 148 97
128 5 86
128 10 62
128 14 34
128 19 45
128 29 68
128 34 95
128 44 2
128 49 58
128 61 71
128 62 76
128 70 52
128 71 15
128 72 82
128 97 45
128 98 80
128 107 16
128 110 79
128 114 80
128 123 41
128 124 86
128 127 32
128 131 88
128 145 98
129 7 17
129 17 67
129 31 60
129 49 22
129 57 24
129 67 52
129 69 79
129 76 56
129 78 45
129 80 19
129 81 59
129 84 81
129 87 99
129 93 53
129 94 69
129 109 65
129 112 65
129 116 88
129 117 45
129 133 9
129 140 11
130 8 10
130 10 2
130 13 36
130 14 68
130 16 62
130 19 42
130 20 21
130 24 58
130 25 21
130 46 12
130 47 34
130 51 53
130 54 2
130 58 23
130 61 25
130 64 33
130 68 16
130 72 18
130 76 99
130 81 91
130 97 49
130 99 99
130 117 59
130 123 33
130 125 29
130 132 71
130 137 17
130 139 31
130 146 44
130 148 87
131 5 71
131 7 29
131 10 15
131 14 97
131 17 89
131 30 83
131 35 39
131 43 50
131 44 12
131 47 59
131 51 88
131 53 46
131 54 18
131 55 31
131 78 29
131 80 98
131 86 83
131 90 92
131 111 70
131 117 17
131 118 19
131 119 1
131 122 65
131 128 88
131 133 3
131 134 32
131 143 56
132 12 3
132 17 100
132 21 92
132 28 81
132 29 67
132 38 78
132 47 43
132 51 87
132 68 38
132 72 93
132 76 3
132 87 91
132 100 90
132 107 64
132 113 14
132 118 11
132 130 71
132 134 45
132 137 24
132 139 12
132 145 53
132 148 17
133 9 73
133 10 20
133 11 26
133 13 89
133 17 68
133 20 50
133 27 39
133 34 13
133 42 63
133 46 88
133 55 93
133 60 99
133 61 93
133 62 87
133 63 90
133 64 78
133 70 54
133 71 33
133 73 22
133 77 78
133 92 18
133 94 5
133 95 70
133 96 34
133 98 1
133 101 45
133 107 78
133 111 45
133 114 53
133 123 97
133 129 9
133 131 3
133 141 94
133 145 99
133 149 35
134 6 25
134 14 96
134 17 63
134 20 35
134 39 40
134 51 77
134 54 35
134 60 83
134 68 45
134 69 3
134 70 66
134 72 42
134 74 53
134 79 88
134 84 85
134 86 61
134 88 40
134 89 93
134 91 66
134 92 93
134 97 87
134 103 74
134 106 10
134 110 84
134 119 83
134 123 2
134 127 36
134 131 32
134 132 45
134 135 61
135 7 54
135 9 48
135 11 52
135 16 16
135 18 3
135 21 41
135 24 74
135 38 16
135 47 15
135 51 26
135 52 61
135 57 81
135 67 60
135 68 52
135 73 15
135 77 94
135 78 69
135 86 33
135 89 35
135 90 6
135 94 44
135 97 36
135 100 55
135 105 71
135 107 81
135 111 94
135 113 39
135 116 90
135 121 99
135 122 79
135 127 34
135 134 61
135 146 29
135 149 52
136 5 1
136 6 76
136 18 31
136 24 4
136 25 92
136 28 31
136 29 84
136 30 45
136 42 69
136 44 85
136 48 57
136 50 13
136 56 98
136 69 41
136 77 32
136 81 89
136 83 46
136 88 96
136 90 58
136 93 40
136 94 67
136 100 22
136 111 28
136 117 52
136 121 92
136 126 68
136 144 100
136 146 56
136 148 36
137 3 47
137 6 53
137 14 76
137 15 54
137 24 79
137 28 19
137 30 62
137 34 6
137 45 41
137 51 96
137 52 53
137 53 99
137 55 87
137 59 60
137 70 46
137 71 29
137 78 6
137 83 17
137 88 34
137 92 43
137 99 1
137 102 42
137 105 69
137 109 53
137 111 32
137 124 66
137 130 17
137 132 24
137 138 78
137 141 30
137 143 53
138 1 30
138 6 22
138 9 68
138 12 16
138 13 38
138 16 82
138 33 39
138 37 13
138 41 67
138 42 14
138 44 14
138 58 30
138 60 9
138 61 62
138 63 18
138 64 56
138 65 46
138 66 73
138 79 7
138 83 47
138 89 29
138 92 52
138 95 46
138 96 75
138 108 70
138 111 20
138 114 76
138 122 26
138 127 44
138 137 78
138 142 6
139 12 47
139 25 61
139 27 69
139 30 57
139 34 77
139 36 38
139 37 57
139 38 31
139 64 11
139 71 88
139 72 88
139 76 20
139 86 29
139 88 20
139 105 37
139 106 37
139 112 93
139 117 41
139 118 57
139 121 60
139 123 7
139 126 60
139 130 31
139 132 12
139 141 82
140 1 63
140 2 20
140 7 62
140 24 81
140 29 45
140 35 64
140 39 49
140 42 75
140 44 30
140 55 41
140 56 57
140 77 30
140 79 23
140 82 17
140 89 53
140 95 46
140 98 70
140 100 55
140 101 40
140 105 4
140 114 45
140 116 63
140 123 90
140 124 72
140 129 11
140 149 85
141 3 97
141 4 13
141 5 23
141 12 9
141 15 37
141 23 7
141 32 75
141 34 21
141 50 97
141 61 85
141 62 24
141 65 40
141 68 75
141 70 30
141 75 28
141 92 63
141 97 84
141 101 8
141 106 20
141 109 78
141 115 36
141 119 95
141 122 41
141 123 81
141 133 94
141 137 30
141 139 82
141 149 42
142 7 100
142 17 100
142 20 41
142 38 99
142 44 92
142 47 55
142 55 59
142 56 63
142 58 97
142 66 78
142 78 12
142 90 22
142 93 93
142 98 24
142 99 54
142 105 75
142 107 64
142 111 88
142 127 14
142 138 6
142 143 46
143 1 43
143 2 8
143 8 91
143 10 4
143 22 80
143 24 36
143 32 28
143 37 38
143 42 66
143 43 74
143 47 28
143 63 100
143 65 48
143 70 5
143 74 74
143 78 90
143 80 5
143 83 76
143 86 22
143 96 87
143 103 27
143 113 93
143 131 56
143 137 53
143 142 46
144 1 96
144 3 54
144 4 84
144 6 72
144 10 18
144 12 22
144 28 3
144 36 19
144 45 90
144 51 69
144 54 93
144 58 55
144 63 45
144 67 59
144 75 75
144 78 1
144 79 48
144 93 48
144 100 42
144 102 82
144 105 100
144 107 52
144 108 95
144 115 47
144 122 2
144 124 96
144 136 100
145 9 60
145 10 34
145 18 5
145 23 87
145 25 44
145 38 72
145 39 73
145 40 37
145 41 63
145 51 19
145 54 18
145 57 69
145 60 76
145 64 35
145 65 3
145 70 97
145 75 93
145 76 33
145 89 47
145 93 29
145 100 37
145 102 33
145 107 9
145 111 67
145 117 37
145 128 98
145 132 53
145 133 99
145 146 6
146 1 1
146 18 11
146 28 37
146 32 19
146 33 98
146 34 44
146 38 57
146 45 71
146 46 33
146 52 85
146 53 78
146 67 21
146 68 27
146 70 78
146 71 60
146 73 73
146 76 64
146 78 17
146 79 84
146 80 14
146 99 90
146 111 42
146 112 1
146 121 5
146 125 20
146 127 54
146 130 44
146 135 29
146 136 56
146 145 6
147 7 91
147 14 13
147 23 84
147 30 21
147 32 55
147 42 3
147 44 55
147 48 12
147 61 65
147 62 77
147 66 6
147 68 3
147 71 33
147 74 44
147 85 62
147 87 84
147 91 31
147 98 63
147 102 77
147 107 80
147 108 68
147 111 11
147 112 80
147 119 63
147 125 37
147 127 58
147 149 61
148 5 38
148 9 92
148 13 88
148 15 59
148 18 70
148 28 21
148 30 99
148 37 93
148 51 14
148 60 78
148 62 12
148 63 39
148 71 8
148 73 80
148 78 100
148 107 16
148 113 28
148 121 6
148 125 67
148 127 97
148 130 87
148 132 17
148 136 36
2 t 18
6 t 87
11 t 25
13 t 49
19 t 27
22 t 53
34 t 35
42 t 8
48 t 15
55 t 72
58 t 22
67 t 68
76 t 56
81 t 37
82 t 64
83 t 18
92 t 90
98 t 5
109 t 85
116 t 51
124 t 44
126 t 87
133 t 35
135 t 52
140 t 85
141 t 42
147 t 61
