s 4 39
s 8 86
s 10 39
s 16 51
s 20 52
s 23 70
s 24 30
s 25 17
s 39 75
s 41 32
s 47 33
s 48 9
s 49 83
s 52 10
s 66 27
s 67 86
s 71 93
s 73 14
1 6 12
1 9 46
1 13 65
1 16 87
1 22 87
1 24 92
1 32 32
1 34 99
1 36 73
1 44 15
1 50 65
1 58 83
1 60 13
1 63 21
1 74 75
2 3 37
2 4 23
2 5 89
2 11 45
2 13 50
2 15 51
2 20 68
2 23 40
2 29 30
2 47 50
2 49 54
2 52 81
2 57 46
2 61 87
3 2 37
3 4 10
3 7 52
3 8 54
3 9 11
3 14 11
3 25 78
3 27 1
3 32 29
3 34 21
3 40 76
3 42 88
3 50 60
3 55 94
3 65 21
3 69 7
3 72 98
3 74 8
4 2 23
4 3 10
4 5 78
4 7 29
4 8 34
4 17 26
4 22 39
4 23 89
4 24 32
4 26 60
4 28 88
4 30 40
4 45 82
4 47 62
4 56 79
4 57 69
4 61 24
4 64 100
4 70 87
5 2 89
5 4 78
5 17 8
5 19 60
5 20 28
5 26 14
5 41 6
5 48 24
5 55 51
5 57 17
5 58 85
5 60 13
5 66 65
5 68 86
5 72 74
6 1 12
6 7 32
6 12 93
6 14 58
6 15 16
6 19 5
6 25 28
6 40 89
6 43 57
6 49 96
6 54 55
6 55 89
6 66 75
7 3 52
7 4 29
7 6 32
7 9 80
7 15 1
7 16 1
7 30 6
7 32 55
7 38 81
7 48 40
7 63 48
8 3 54
8 4 34
8 18 53
8 29 7
8 33 28
8 41 3
8 44 78
8 47 47
8 52 19
8 57 58
8 60 87
8 62 47
8 67 72
9 1 46
9 3 11
9 7 80
9 25 36
9 28 59
9 31 91
9 33 28
9 34 68
9 45 23
9 47 40
9 54 23
10 22 41
10 25 67
10 29 4
10 45 3
10 49 36
10 51 72
10 54 36
10 55 65
10 57 64
10 62 7
10 64 79
10 73 58
11 2 45
11 14 90
11 27 44
11 34 18
11 43 1
11 45 37
11 47 18
11 48 49
11 64 70
11 67 38
11 69 94
11 73 61
11 74 9
12 6 93
12 13 81
12 14 93
12 17 25
12 23 91
12 28 77
12 35 79
12 36 82
12 38 56
12 41 60
12 49 45
12 64 90
12 65 2
12 67 68
12 73 12
13 1 65
13 2 50
13 12 81
13 20 79
13 26 25
13 28 94
13 30 77
13 33 72
13 36 56
13 38 70
13 39 13
13 44 44
13 50 83
13 54 51
13 59 80
13 64 49
13 67 57
13 73 16
14 3 11
14 6 58
14 11 90
14 12 93
14 24 92
14 25 74
14 27 54
14 31 31
14 33 3
14 43 12
14 44 30
14 46 7
14 47 23
14 61 90
14 62 10
14 72 63
14 73 94
15 2 51
15 6 16
15 7 1
15 22 15
15 24 32
15 27 73
15 35 18
15 38 97
15 45 30
15 58 92
15 62 77
15 67 59
16 1 87
16 7 1
16 18 38
16 21 5
16 25 57
16 26 64
16 27 61
16 30 91
16 34 9
16 41 74
16 49 22
16 51 62
16 55 17
16 58 75
16 63 1
16 65 4
16 68 72
16 73 21
17 4 26
17 5 8
17 12 25
17 19 7
17 20 55
17 22 78
17 30 35
17 42 20
17 46 17
17 47 24
17 49 54
17 50 80
17 53 76
17 64 81
17 65 3
17 69 68
17 70 11
18 8 53
18 16 38
18 24 91
18 29 18
18 44 4
18 45 31
18 53 89
18 57 17
18 61 50
18 65 44
18 71 33
19 5 60
19 6 5
19 17 7
19 35 40
19 36 27
19 49 1
19 53 34
19 56 28
19 59 95
19 63 83
19 66 20
20 2 68
20 5 28
20 13 79
20 17 55
20 42 85
20 52 47
20 55 63
20 56 94
20 63 24
20 66 9
21 16 5
21 37 20
21 47 73
21 50 38
21 57 46
21 58 75
21 68 23
21 71 68
21 74 88
22 1 87
22 4 39
22 10 41
22 15 15
22 17 78
22 23 27
22 30 36
22 41 6
22 54 39
22 57 25
22 63 50
22 64 15
22 66 62
23 2 40
23 4 89
23 12 91
23 22 27
23 27 1
23 37 96
23 46 41
23 53 8
23 54 60
23 61 65
23 64 32
23 68 38
23 74 25
24 1 92
24 4 32
24 14 92
24 15 32
24 18 91
24 38 77
24 59 9
24 69 63
25 3 78
25 6 28
25 9 36
25 10 67
25 14 74
25 16 57
25 34 55
25 41 11
25 45 42
25 52 71
25 56 44
25 57 32
25 64 40
25 67 6
25 69 32
25 71 18
26 4 60
26 5 14
26 13 25
26 16 64
26 27 43
26 28 29
26 33 2
26 34 100
26 41 37
26 43 84
26 51 78
26 56 66
26 64 71
26 74 22
27 3 1
27 11 44
27 14 54
27 15 73
27 16 61
27 23 1
27 26 43
27 34 24
27 37 5
27 45 4
27 47 68
27 49 62
27 62 56
27 66 89
27 67 41
27 70 37
28 4 88
28 9 59
28 12 77
28 13 94
28 26 29
28 29 35
28 38 9
28 48 77
28 51 8
28 54 5
28 58 74
28 64 6
28 68 52
28 71 83
28 72 58
29 2 30
29 8 7
29 10 4
29 18 18
29 28 35
29 35 33
29 39 52
29 44 89
29 46 91
29 53 47
29 56 91
29 58 80
30 4 40
30 7 6
30 13 77
30 16 91
30 17 35
30 22 36
30 43 95
30 45 46
30 51 78
30 53 100
30 59 97
30 73 87
31 9 91
31 14 31
31 35 91
31 37 55
31 40 52
31 42 86
31 43 80
31 47 76
31 48 84
31 49 41
31 50 24
31 58 100
31 61 50
31 65 7
31 70 100
31 72 1
32 1 32
32 3 29
32 7 55
32 33 94
32 34 81
32 38 89
32 40 17
32 42 58
32 48 32
32 53 35
32 74 88
33 8 28
33 9 28
33 13 72
33 14 3
33 26 2
33 32 94
33 42 72
33 55 77
33 57 97
33 62 22
33 64 45
33 68 67
33 73 1
34 1 99
34 3 21
34 9 68
34 11 18
34 16 9
34 25 55
34 26 100
34 27 24
34 32 81
34 36 34
34 44 34
34 47 14
34 48 45
34 53 46
34 59 80
34 66 75
34 69 71
35 12 79
35 15 18
35 19 40
35 29 33
35 31 91
35 38 58
35 45 90
35 51 20
35 64 88
35 73 46
36 1 73
36 12 82
36 13 56
36 19 27
36 34 34
36 37 89
36 39 84
36 48 94
36 50 8
36 62 6
36 68 88
36 73 77
37 21 20
37 23 96
37 27 5
37 31 55
37 36 89
37 39 27
37 42 87
37 48 57
37 59 30
37 72 37
38 7 81
38 12 56
38 13 70
38 15 97
38 24 77
38 28 9
38 32 89
38 35 58
38 39 97
38 46 11
38 57 85
38 61 52
38 64 10
39 13 13
39 29 52
39 36 84
39 37 27
39 38 97
39 41 77
39 43 50
39 54 81
39 58 7
39 60 68
39 73 76
40 3 76
40 6 89
40 31 52
40 32 17
40 41 53
40 45 50
40 49 39
40 52 17
40 62 100
40 64 65
40 69 68
40 70 11
40 72 89
40 74 36
41 5 6
41 8 3
41 12 60
41 16 74
41 22 6
41 25 11
41 26 37
41 39 77
41 40 53
41 42 71
41 43 17
41 50 83
41 51 55
41 58 44
41 67 41
41 71 77
42 3 88
42 17 20
42 20 85
42 31 86
42 32 58
42 33 72
42 37 87
42 41 71
42 45 38
42 48 6
42 49 74
43 6 57
43 11 1
43 14 12
43 26 84
43 30 95
43 31 80
43 39 50
43 41 17
43 44 15
43 48 49
43 59 60
43 64 89
44 1 15
44 8 78
44 13 44
44 14 30
44 18 4
44 29 89
44 34 34
44 43 15
44 49 15
44 54 60
44 59 83
45 4 82
45 9 23
45 10 3
45 11 37
45 15 30
45 18 31
45 25 42
45 27 4
45 30 46
45 35 90
45 40 50
45 42 38
45 46 68
45 57 23
45 58 77
45 66 100
46 14 7
46 17 17
46 23 41
46 29 91
46 38 11
46 45 68
46 53 79
46 58 4
46 59 20
46 70 96
47 2 50
47 4 62
47 8 47
47 9 40
47 11 18
47 14 23
47 17 24
47 21 73
47 27 68
47 31 76
47 34 14
47 50 63
47 53 59
47 58 11
47 63 94
47 73 39
48 5 24
48 7 40
48 11 49
48 28 77
48 31 84
48 32 32
48 34 45
48 36 94
48 37 57
48 42 6
48 43 49
48 50 51
48 52 11
48 67 78
48 71 59
49 2 54
49 6 96
49 10 36
49 12 45
49 16 22
49 17 54
49 19 1
49 27 62
49 31 41
49 40 39
49 42 74
49 44 15
49 56 72
49 58 90
49 59 65
49 61 79
49 67 4
49 68 74
49 70 23
49 73 96
50 1 65
50 3 60
50 13 83
50 17 80
50 21 38
50 31 24
50 36 8
50 41 83
50 47 63
50 48 51
50 57 2
50 71 76
51 10 72
51 16 62
51 26 78
51 28 8
51 30 78
51 35 20
51 41 55
51 53 34
51 56 17
51 59 26
51 63 96
51 70 4
51 73 31
52 2 81
52 8 19
52 20 47
52 25 71
52 40 17
52 48 11
52 69 71
53 17 76
53 18 89
53 19 34
53 23 8
53 29 47
53 30 100
53 32 35
53 34 46
53 46 79
53 47 59
53 51 34
53 54 9
53 57 92
53 59 80
53 62 87
53 65 73
53 74 46
54 6 55
54 9 23
54 10 36
54 13 51
54 22 39
54 23 60
54 28 5
54 39 81
54 44 60
54 53 9
54 57 15
54 67 4
55 3 94
55 5 51
55 6 89
55 10 65
55 16 17
55 20 63
55 33 77
55 65 31
56 4 79
56 19 28
56 20 94
56 25 44
56 26 66
56 29 91
56 49 72
56 51 17
56 70 26
56 71 61
57 2 46
57 4 69
57 5 17
57 8 58
57 10 64
57 18 17
57 21 46
57 22 25
57 25 32
57 33 97
57 38 85
57 45 23
57 50 2
57 53 92
57 54 15
57 71 98
58 1 83
58 5 85
58 15 92
58 16 75
58 21 75
58 28 74
58 29 80
58 31 100
58 39 7
58 41 44
58 45 77
58 46 4
58 47 11
58 49 90
58 59 25
58 60 33
58 64 34
58 66 39
58 69 68
59 13 80
59 19 95
59 24 9
59 30 97
59 34 80
59 37 30
59 43 60
59 44 83
59 46 20
59 49 65
59 51 26
59 53 80
59 58 25
59 65 6
59 67 80
59 70 45
59 73 42
60 1 13
60 5 13
60 8 87
60 39 68
60 58 33
60 61 69
60 64 79
60 68 24
61 2 87
61 4 24
61 14 90
61 18 50
61 23 65
61 31 50
61 38 52
61 49 79
61 60 69
61 62 32
61 65 24
61 68 44
61 70 24
61 71 25
61 73 40
62 8 47
62 10 7
62 14 10
62 15 77
62 27 56
62 33 22
62 36 6
62 40 100
62 53 87
62 61 32
62 63 81
62 65 80
62 71 40
62 72 16
63 1 21
63 7 48
63 16 1
63 19 83
63 20 24
63 22 50
63 47 94
63 51 96
63 62 81
63 74 1
64 4 100
64 10 79
64 11 70
64 12 90
64 13 49
64 17 81
64 22 15
64 23 32
64 25 40
64 26 71
64 28 6
64 33 45
64 35 88
64 38 10
64 40 65
64 43 89
64 58 34
64 60 79
64 73 16
65 3 21
65 12 2
65 16 4
65 17 3
65 18 44
65 31 7
65 53 73
65 55 31
65 59 6
65 61 24
65 62 80
65 66 55
65 72 98
66 5 65
66 6 75
66 19 20
66 20 9
66 22 62
66 27 89
66 34 75
66 45 100
66 58 39
66 65 55
66 74 14
67 8 72
67 11 38
67 12 68
67 13 57
67 15 59
67 25 6
67 27 41
67 41 41
67 48 78
67 49 4
67 54 4
67 59 80
67 69 80
68 5 86
68 16 72
68 21 23
68 23 38
68 28 52
68 33 67
68 36 88
68 49 74
68 60 24
68 61 44
68 74 87
69 3 7
69 11 94
69 17 68
69 24 63
69 25 32
69 34 71
69 40 68
69 52 71
69 58 68
69 67 80
69 74 27
70 4 87
70 17 11
70 27 37
70 31 100
70 40 11
70 46 96
70 49 23
70 51 4
70 56 26
70 59 45
70 61 24
71 18 33
71 21 68
71 25 18
71 28 83
71 41 77
71 48 59
71 50 76
71 56 61
71 57 98
71 61 25
71 62 40
72 3 98
72 5 74
72 14 63
72 28 58
72 31 1
72 37 37
72 40 89
72 62 16
72 65 98
72 73 1
73 10 58
73 11 61
73 12 12
73 13 16
73 14 94
73 16 21
73 30 87
73 33 1
73 35 46
73 36 77
73 39 76
73 47 39
73 49 96
73 51 31
73 59 42
73 61 40
73 64 16
73 72 1
73 74 70
1 t 75
3 t 8
11 t 9
21 t 88
23 t 25
26 t 22
32 t 88
40 t 36
53 t 46
63 t 1
66 t 14
68 t 87
69 t 27
73 t 70
